Signal Data Log
========================================

Signal: Fault Bit Toggled
Data Points: 2000
Values: [0, 0, 0, 0, 0, 0, 0, 0, 0, 0, 1, 1, 1, 1, 1, 1, 1, 1, 1, 1, 1, 1, 1, 1, 1, 1, 1, 1, 1, 1, 1, 1, 1, 1, 1, 1, 1, 1, 1, 1, 1, 1, 1, 1, 1, 1, 1, 1, 1, 1, 1, 1, 1, 1, 1, 1, 1, 1, 1, 1, 1, 1, 1, 1, 1, 1, 1, 1, 1, 1, 1, 1, 1, 1, 1, 1, 1, 1, 1, 1, 1, 1, 1, 1, 1, 1, 1, 1, 1, 1, 1, 1, 1, 1, 1, 1, 1, 1, 1, 1, 1, 1, 1, 1, 1, 1, 1, 1, 1, 1, 1, 1, 1, 1, 1, 1, 1, 1, 1, 1, 1, 1, 1, 1, 1, 1, 1, 1, 1, 1, 1, 1, 1, 1, 1, 1, 1, 1, 1, 1, 1, 1, 1, 1, 1, 1, 1, 1, 1, 1, 1, 1, 1, 1, 1, 1, 1, 1, 1, 1, 1, 1, 1, 1, 1, 1, 1, 1, 1, 1, 1, 1, 1, 1, 1, 1, 1, 1, 1, 1, 1, 1, 1, 1, 1, 1, 1, 1, 1, 1, 1, 1, 1, 1, 1, 1, 1, 1, 1, 1, 1, 1, 1, 1, 1, 1, 1, 1, 1, 1, 1, 1, 1, 1, 1, 1, 1, 1, 1, 1, 1, 1, 1, 1, 1, 1, 1, 1, 1, 1, 1, 1, 1, 1, 1, 1, 1, 1, 1, 1, 1, 1, 1, 1, 1, 1, 1, 1, 1, 1, 1, 1, 1, 1, 1, 1, 1, 1, 1, 1, 1, 1, 1, 1, 1, 1, 1, 1, 1, 1, 1, 1, 1, 1, 1, 1, 1, 1, 1, 1, 1, 1, 1, 1, 1, 1, 1, 1, 1, 1, 1, 1, 1, 1, 1, 1, 1, 1, 1, 1, 1, 1, 1, 1, 1, 1, 1, 1, 1, 1, 1, 1, 1, 1, 1, 1, 1, 1, 1, 1, 1, 1, 1, 1, 1, 1, 1, 1, 1, 1, 1, 1, 1, 1, 1, 1, 1, 1, 1, 1, 1, 1, 1, 1, 1, 1, 1, 1, 1, 1, 1, 1, 1, 1, 1, 1, 1, 1, 1, 1, 1, 1, 1, 1, 1, 1, 1, 1, 1, 1, 1, 1, 1, 1, 1, 1, 1, 1, 1, 1, 1, 1, 1, 1, 1, 1, 1, 1, 1, 1, 1, 1, 1, 1, 1, 1, 1, 1, 1, 1, 1, 1, 1, 1, 1, 1, 1, 1, 1, 1, 1, 1, 1, 1, 1, 1, 1, 1, 1, 1, 1, 1, 1, 1, 1, 1, 1, 1, 1, 1, 1, 1, 1, 1, 1, 1, 1, 1, 1, 1, 1, 1, 1, 1, 1, 1, 1, 1, 1, 1, 1, 1, 1, 1, 1, 1, 1, 1, 1, 1, 1, 1, 1, 1, 1, 1, 1, 1, 1, 1, 1, 1, 1, 1, 1, 1, 1, 1, 1, 1, 1, 1, 1, 1, 1, 1, 1, 1, 1, 1, 1, 1, 1, 1, 1, 1, 1, 1, 1, 1, 1, 1, 1, 1, 1, 1, 1, 1, 1, 1, 1, 1, 1, 1, 1, 1, 1, 1, 1, 1, 1, 1, 1, 1, 1, 1, 1, 1, 1, 1, 1, 1, 1, 1, 1, 1, 1, 1, 1, 1, 1, 1, 1, 1, 1, 1, 1, 1, 1, 1, 1, 1, 1, 1, 1, 1, 1, 1, 1, 1, 1, 1, 1, 1, 1, 1, 1, 1, 1, 1, 1, 1, 1, 1, 1, 1, 1, 1, 1, 1, 1, 1, 1, 1, 1, 1, 1, 1, 1, 1, 1, 1, 1, 1, 1, 1, 1, 1, 1, 1, 1, 1, 1, 1, 1, 1, 1, 1, 1, 1, 1, 1, 1, 1, 1, 1, 1, 1, 1, 1, 1, 1, 1, 1, 1, 1, 1, 1, 1, 1, 1, 1, 1, 1, 1, 1, 1, 1, 1, 1, 1, 1, 1, 1, 1, 1, 1, 1, 1, 1, 1, 1, 1, 1, 1, 1, 1, 1, 1, 1, 1, 1, 1, 1, 1, 1, 1, 1, 1, 1, 1, 1, 1, 1, 1, 1, 1, 1, 1, 1, 1, 1, 1, 1, 1, 1, 1, 1, 1, 1, 1, 1, 1, 1, 1, 1, 1, 1, 1, 1, 1, 1, 1, 1, 1, 1, 1, 1, 1, 1, 1, 1, 1, 1, 1, 1, 1, 1, 1, 1, 1, 1, 1, 1, 1, 1, 1, 1, 1, 1, 1, 1, 1, 1, 1, 1, 1, 1, 1, 1, 1, 1, 1, 1, 1, 1, 1, 1, 1, 1, 1, 1, 1, 1, 1, 1, 1, 1, 1, 1, 1, 1, 1, 1, 1, 1, 1, 1, 1, 1, 1, 1, 1, 1, 1, 1, 1, 1, 1, 1, 1, 1, 1, 1, 1, 1, 1, 1, 1, 1, 1, 1, 1, 1, 1, 1, 1, 1, 1, 1, 1, 1, 1, 1, 1, 1, 1, 1, 1, 1, 1, 1, 1, 1, 1, 1, 1, 1, 1, 1, 1, 1, 1, 1, 1, 1, 1, 1, 1, 1, 1, 1, 1, 1, 1, 1, 1, 1, 1, 1, 1, 1, 1, 1, 1, 1, 1, 1, 1, 1, 1, 1, 1, 1, 1, 1, 1, 1, 1, 1, 1, 1, 1, 1, 1, 1, 1, 1, 1, 1, 1, 1, 1, 1, 1, 1, 1, 1, 1, 1, 1, 1, 1, 1, 1, 1, 1, 1, 1, 1, 1, 1, 1, 1, 1, 1, 1, 1, 1, 1, 1, 1, 1, 1, 1, 1, 1, 1, 1, 1, 1, 1, 1, 1, 1, 1, 1, 1, 1, 1, 1, 1, 1, 1, 1, 1, 1, 1, 1, 1, 1, 1, 1, 1, 1, 1, 1, 1, 1, 1, 1, 1, 1, 1, 1, 1, 1, 1, 1, 1, 1, 1, 1, 1, 1, 1, 1, 1, 1, 1, 1, 1, 1, 1, 1, 1, 1, 1, 1, 1, 1, 1, 1, 1, 1, 1, 1, 1, 1, 1, 1, 1, 1, 1, 1, 1, 1, 1, 1, 1, 1, 1, 1, 1, 1, 1, 1, 1, 1, 1, 1, 1, 1, 1, 1, 1, 1, 1, 1, 1, 1, 1, 1, 1, 1, 1, 1, 1, 1, 1, 1, 1, 1, 1, 1, 1, 1, 1, 1, 1, 1, 1, 1, 1, 1, 1, 1, 1, 1, 1, 1, 1, 1, 1, 1, 1, 1, 1, 1, 1, 1, 1, 1, 1, 1, 1, 1, 1, 1, 1, 1, 1, 1, 1, 1, 1, 1, 1, 1, 1, 1, 1, 1, 1, 1, 1, 1, 1, 1, 1, 1, 1, 1, 1, 1, 1, 1, 1, 1, 1, 1, 1, 1, 1, 1, 1, 1, 1, 1, 1, 1, 1, 1, 1, 1, 1, 1, 1, 1, 1, 1, 1, 1, 1, 1, 1, 1, 1, 1, 1, 1, 1, 1, 1, 1, 1, 1, 1, 1, 1, 1, 1, 1, 1, 1, 1, 1, 1, 1, 1, 1, 1, 1, 1, 1, 1, 1, 1, 1, 1, 1, 1, 1, 1, 1, 1, 1, 1, 1, 1, 1, 1, 1, 1, 1, 1, 1, 1, 1, 1, 1, 1, 1, 1, 1, 1, 1, 1, 1, 1, 1, 1, 1, 1, 1, 1, 1, 1, 1, 1, 1, 1, 1, 1, 1, 1, 1, 1, 1, 1, 1, 1, 1, 1, 1, 1, 1, 1, 1, 1, 1, 1, 1, 1, 1, 1, 1, 1, 1, 1, 1, 1, 1, 1, 1, 1, 1, 1, 1, 1, 1, 1, 1, 1, 1, 1, 1, 1, 1, 1, 1, 1, 1, 1, 1, 1, 1, 1, 1, 1, 1, 1, 1, 1, 1, 1, 1, 1, 1, 1, 1, 1, 1, 1, 1, 1, 1, 1, 1, 1, 1, 1, 1, 1, 1, 1, 1, 1, 1, 1, 1, 1, 1, 1, 1, 1, 1, 1, 1, 1, 1, 1, 1, 1, 1, 1, 1, 1, 1, 1, 1, 1, 1, 1, 1, 1, 1, 1, 1, 1, 1, 1, 1, 1, 1, 1, 1, 1, 1, 1, 1, 1, 1, 1, 1, 1, 1, 1, 1, 1, 1, 1, 1, 1, 1, 1, 1, 1, 1, 1, 1, 1, 1, 1, 1, 1, 1, 1, 1, 1, 1, 1, 1, 1, 1, 1, 1, 1, 1, 1, 1, 1, 1, 1, 1, 1, 1, 1, 1, 1, 1, 1, 1, 1, 1, 1, 1, 1, 1, 1, 1, 1, 1, 1, 1, 1, 1, 1, 1, 1, 1, 1, 1, 1, 1, 1, 1, 1, 1, 1, 1, 1, 1, 1, 1, 1, 1, 1, 1, 1, 1, 1, 1, 1, 1, 1, 1, 1, 1, 1, 1, 1, 1, 1, 1, 1, 1, 1, 1, 1, 1, 1, 1, 1, 1, 1, 1, 1, 1, 1, 1, 1, 1, 1, 1, 1, 1, 1, 1, 1, 1, 1, 1, 1, 1, 1, 1, 1, 1, 1, 1, 1, 1, 1, 1, 1, 1, 1, 1, 1, 1, 1, 1, 1, 1, 1, 1, 1, 1, 1, 1, 1, 1, 1, 1, 1, 1, 1, 1, 1, 1, 1, 1, 1, 1, 1, 1, 1, 1, 1, 1, 1, 1, 1, 1, 1, 1, 1, 1, 1, 1, 1, 1, 1, 1, 1, 1, 1, 1, 1, 1, 1, 1, 1, 1, 1, 1, 1, 1, 1, 1, 1, 1, 1, 1, 1, 1, 1, 1, 1, 1, 1, 1, 1, 1, 1, 1, 1, 1, 1, 1, 1, 1, 1, 1, 1, 1, 1, 1, 1, 1, 1, 1, 1, 1, 1, 1, 1, 1, 1, 1, 1, 1, 1, 1, 1, 1, 1, 1, 1, 1, 1, 1, 1, 1, 1, 1, 1, 1, 1, 1, 1, 1, 1, 1, 1, 1, 1, 1, 1, 1, 1, 1, 1, 1, 1, 1, 1, 1, 1, 1, 1, 1, 1, 1, 1, 1, 1, 1, 1, 1, 1, 1, 1, 1, 1, 1, 1, 1, 1, 1, 1, 1, 1, 1, 1, 1, 1, 1, 1, 1, 1, 1, 1, 1, 1, 1, 1, 1, 1, 1, 1, 1, 1, 1, 1, 1, 1, 1, 1, 1, 1, 1, 1, 1, 1, 1, 1, 1, 1, 1, 1, 1, 1, 1, 1, 1, 1, 1, 1, 1, 1, 1, 1, 1, 1, 1, 1, 1, 1, 1, 1, 1, 1, 1, 1, 1, 1, 1, 1, 1, 1, 1, 1, 1, 1, 1, 1, 1, 1, 1, 1, 1, 1, 1, 1, 1, 1, 1, 1, 1, 1, 1, 1, 1, 1, 1, 1, 1, 1, 1, 1, 1, 1, 1, 1, 1, 1, 1, 1, 1, 1, 1, 1, 1, 1, 1, 1, 1, 1, 1, 1, 1, 1, 1, 1, 1, 1, 1, 1, 1, 1, 1, 1, 1, 1, 1, 1, 1, 1, 1, 1, 1, 1, 1, 1, 1, 1, 1, 1, 1, 1, 1, 1, 1, 1, 1, 1, 1, 1, 1, 1, 1, 1, 1, 1, 1, 1, 1, 1, 1, 1, 1, 1, 1, 1, 1, 1, 1, 1, 1, 1, 1, 1, 1, 1, 1, 1, 1, 1, 1, 1, 1, 1, 1, 1, 1, 1, 1, 1, 1, 1, 1, 1, 1, 1, 1, 1, 1, 1, 1, 1, 1, 1, 1, 1, 1, 1, 1, 1, 1, 1, 1, 1, 1, 1, 1, 1, 1, 1, 1, 1, 1, 1, 1, 1, 1, 1, 1, 1, 1, 1, 1, 1, 1, 1, 1, 1, 1, 1, 1, 1, 1, 1, 1, 1, 1, 1, 1, 1, 1, 1, 1, 1, 1, 1, 1, 1, 1, 1, 1, 1, 1, 1, 1, 1, 1, 1, 1, 1, 1, 1, 1, 1, 1, 1, 1, 1, 1, 1, 1, 1, 1, 1, 1, 1, 1, 1, 1, 1, 1, 1, 1, 1, 1, 1, 1, 1, 1, 1, 1, 1, 1, 1, 1, 1, 1, 1, 1, 1, 1, 1, 1, 1, 1, 1, 1, 1, 1, 1, 1, 1, 1, 1, 1, 1, 1, 1, 1, 1, 1, 1, 1, 1, 1, 1, 1, 1, 1, 1, 1, 1, 1, 1, 1, 1, 1, 1, 1, 1, 1, 1, 1, 1, 1, 1, 1, 1, 1, 1]

----------------------------------------
Signal: Position Feedback
Data Points: 2000
Values: [83.88052215576172, 83.88051849365235, 83.8805209350586, 83.88052520751954, 83.88053161621094, 83.88053405761718, 83.88053741455079, 83.88053527832031, 83.88053619384766, 83.88053009033203, 83.88052856445313, 83.88072387695313, 83.88120330810547, 83.88176635742188, 83.88220397949219, 83.88241943359375, 83.88243530273438, 83.88229675292969, 83.88206787109375, 83.88184875488281, 83.88162445068359, 83.88146942138673, 83.88139923095703, 83.88137481689454, 83.88137847900391, 83.88140350341797, 83.8814306640625, 83.88144653320313, 83.88143981933594, 83.88142608642578, 83.8814111328125, 83.88140441894531, 83.88140319824218, 83.88140625, 83.88140838623048, 83.88141723632813, 83.88142120361329, 83.88141387939453, 83.88140838623048, 83.88140441894531, 83.88140411376953, 83.88139984130859, 83.88140777587891, 83.88140625, 83.88140838623048, 83.88140441894531, 83.88140594482422, 83.88140106201172, 83.88140808105469, 83.88141418457032, 83.88140411376953, 83.88140014648438, 83.881396484375, 83.88139709472657, 83.881396484375, 83.88139526367188, 83.88139892578126, 83.88140747070312, 83.88141174316407, 83.88141571044922, 83.88140991210938, 83.88140686035156, 83.88140258789063, 83.88139892578126, 83.88140625, 83.8814096069336, 83.88141479492188, 83.88141845703124, 83.8814178466797, 83.88141967773437, 83.88142364501954, 83.8814178466797, 83.88142944335938, 83.88143280029297, 83.88143615722656, 83.881435546875, 83.881435546875, 83.88143585205079, 83.8814389038086, 83.88143768310547, 83.8814324951172, 83.88143768310547, 83.88144073486329, 83.88144348144532, 83.88143859863281, 83.88144165039063, 83.8814340209961, 83.88143524169922, 83.8814324951172, 83.88143707275391, 83.88144256591796, 83.88143920898438, 83.88143341064453, 83.88143127441407, 83.88142761230469, 83.88141540527344, 83.88141143798828, 83.88141693115234, 83.88142669677734, 83.8814242553711, 83.88143035888672, 83.88142028808593, 83.88141082763671, 83.88141021728516, 83.88140899658204, 83.88141479492188, 83.88141632080078, 83.8814208984375, 83.88142822265625, 83.8814273071289, 83.88143188476563, 83.8814340209961, 83.88143707275391, 83.8814324951172, 83.8814324951172, 83.88144470214844, 83.8814404296875, 83.88144989013672, 83.88144073486329, 83.8814453125, 83.88144744873047, 83.88144989013672, 83.88145416259766, 83.88146545410156, 83.88146942138673, 83.88146728515625, 83.88145629882813, 83.8814617919922, 83.88146057128907, 83.88146453857422, 83.88146697998047, 83.88145904541015, 83.88146453857422, 83.88146484375, 83.8814682006836, 83.88146636962891, 83.881455078125, 83.8814535522461, 83.88145080566406, 83.88145294189454, 83.88144897460937, 83.8814486694336, 83.88145629882813, 83.88144775390626, 83.88143768310547, 83.88143585205079, 83.88143859863281, 83.88144012451173, 83.88144409179688, 83.88144073486329, 83.88143798828125, 83.88143859863281, 83.88143341064453, 83.88143798828125, 83.88143157958984, 83.88143951416016, 83.88144409179688, 83.8814453125, 83.88144897460937, 83.88144775390626, 83.88143798828125, 83.88143981933594, 83.88144378662109, 83.88145202636719, 83.88145233154297, 83.88145751953125, 83.88145599365235, 83.88145477294923, 83.88145904541015, 83.8814566040039, 83.88144775390626, 83.88145416259766, 83.88145904541015, 83.88146545410156, 83.88147186279296, 83.88147705078126, 83.88147430419922, 83.88146881103516, 83.88146575927735, 83.88146270751953, 83.88146453857422, 83.88146636962891, 83.88147705078126, 83.881474609375, 83.8814682006836, 83.8814697265625, 83.88146759033204, 83.8814617919922, 83.88146575927735, 83.88147125244141, 83.881474609375, 83.88147491455078, 83.88146789550781, 83.88146392822266, 83.88145538330079, 83.8814599609375, 83.88146728515625, 83.881474609375, 83.88147369384765, 83.88147827148438, 83.8814697265625, 83.88146453857422, 83.88146026611328, 83.88145599365235, 83.88145568847656, 83.88145385742187, 83.88145843505859, 83.88145446777344, 83.88145874023438, 83.8814535522461, 83.8814566040039, 83.88145416259766, 83.88145233154297, 83.88145721435546, 83.88145812988282, 83.8814633178711, 83.88146759033204, 83.88145782470703, 83.88145416259766, 83.88145416259766, 83.88145568847656, 83.88145904541015, 83.8814682006836, 83.88147491455078, 83.88147766113282, 83.88147705078126, 83.88148010253906, 83.88147125244141, 83.88147583007813, 83.88147888183595, 83.881484375, 83.88148559570313, 83.8814907836914, 83.88149627685547, 83.88149139404297, 83.88148834228515, 83.88148986816407, 83.88148803710938, 83.88149169921876, 83.88149291992188, 83.88149444580078, 83.88149627685547, 83.88148986816407, 83.88148345947266, 83.88148498535156, 83.88148071289062, 83.88148162841797, 83.88147979736328, 83.88148254394531, 83.8814828491211, 83.88148040771485, 83.88147094726563, 83.88146728515625, 83.88146606445312, 83.88146118164063, 83.88145965576172, 83.88146575927735, 83.88147277832032, 83.88146881103516, 83.88147247314453, 83.88147155761719, 83.88146057128907, 83.88146118164063, 83.88146697998047, 83.88147430419922, 83.88148071289062, 83.8814828491211, 83.88147827148438, 83.88147430419922, 83.88147155761719, 83.88146789550781, 83.88146881103516, 83.8814794921875, 83.8814828491211, 83.88148803710938, 83.88148742675781, 83.88148773193359, 83.88148834228515, 83.88148345947266, 83.88148376464844, 83.88148498535156, 83.88149627685547, 83.88149291992188, 83.88149536132812, 83.88148742675781, 83.88149017333984, 83.88148468017579, 83.88148773193359, 83.88147766113282, 83.88148651123048, 83.8814828491211, 83.88148315429687, 83.88148010253906, 83.88147918701172, 83.88147277832032, 83.88147155761719, 83.88147552490234, 83.88147674560547, 83.88148254394531, 83.88148101806641, 83.88147399902344, 83.88147033691406, 83.88146362304688, 83.88146881103516, 83.88146301269532, 83.88147033691406, 83.8814779663086, 83.88148101806641, 83.88148681640625, 83.881484375, 83.88147979736328, 83.8814633178711, 83.88146423339843, 83.88146270751953, 83.88147583007813, 83.88148529052735, 83.88148742675781, 83.8814926147461, 83.8814926147461, 83.88148742675781, 83.88149200439453, 83.88148529052735, 83.88149139404297, 83.88148559570313, 83.88149230957032, 83.88149353027345, 83.88149139404297, 83.88149475097656, 83.88149169921876, 83.8814926147461, 83.88149658203125, 83.88150238037109, 83.8814974975586, 83.88149383544922, 83.88149169921876, 83.88148803710938, 83.88148620605469, 83.88149383544922, 83.88149688720704, 83.8814990234375, 83.88149780273437, 83.88149658203125, 83.88148803710938, 83.88147857666016, 83.8814764404297, 83.88147705078126, 83.88147918701172, 83.881474609375, 83.88148803710938, 83.88148345947266, 83.88148162841797, 83.88148071289062, 83.88147827148438, 83.88147552490234, 83.8814794921875, 83.88148315429687, 83.881484375, 83.88148071289062, 83.88148651123048, 83.88148345947266, 83.88147705078126, 83.88148071289062, 83.88148834228515, 83.88149627685547, 83.88150207519531, 83.88149719238281, 83.88149139404297, 83.88149322509766, 83.88149414062501, 83.88149932861329, 83.88149810791016, 83.8814974975586, 83.88149871826172, 83.88150177001954, 83.88150238037109, 83.88150238037109, 83.88149475097656, 83.88148956298828, 83.88150482177734, 83.88150695800782, 83.88150482177734, 83.88149780273437, 83.88149169921876, 83.88148468017579, 83.8814892578125, 83.88149536132812, 83.8814926147461, 83.88148895263672, 83.88149200439453, 83.88149139404297, 83.88148620605469, 83.88148590087891, 83.88148742675781, 83.88148712158203, 83.88146514892578, 83.88148315429687, 83.88148559570313, 83.88148834228515, 83.88149200439453, 83.88149353027345, 83.88148040771485, 83.88149536132812, 83.88149688720704, 83.88148498535156, 83.88148956298828, 83.88149200439453, 83.88150054931641, 83.88149932861329, 83.88149444580078, 83.88150238037109, 83.88150421142578, 83.88149475097656, 83.88149597167968, 83.88149505615235, 83.8814990234375, 83.88150329589844, 83.88149353027345, 83.88148956298828, 83.88148864746094, 83.88149566650391, 83.88149597167968, 83.88149200439453, 83.8814990234375, 83.88150115966798, 83.88149627685547, 83.8814907836914, 83.88148620605469, 83.88149139404297, 83.88148590087891, 83.88148559570313, 83.88149597167968, 83.88149444580078, 83.88151153564453, 83.88150848388672, 83.88149841308594, 83.88149688720704, 83.88148895263672, 83.88148315429687, 83.8814794921875, 83.88148712158203, 83.88148986816407, 83.88149505615235, 83.8814892578125, 83.88149505615235, 83.88149597167968, 83.8814910888672, 83.88149414062501, 83.88149383544922, 83.88150329589844, 83.88150115966798, 83.8814910888672, 83.8814907836914, 83.88148712158203, 83.88149475097656, 83.88148986816407, 83.8814926147461, 83.88150207519531, 83.88149597167968, 83.88149932861329, 83.88149810791016, 83.88148986816407, 83.88148986816407, 83.88148620605469, 83.88148406982423, 83.88149566650391, 83.88149993896485, 83.88150268554688, 83.88150512695313, 83.88149566650391, 83.88149230957032, 83.8814907836914, 83.88149688720704, 83.88149932861329, 83.88150512695313, 83.88150756835938, 83.88151000976562, 83.88149566650391, 83.88149047851563, 83.88149353027345, 83.8814907836914, 83.88150512695313, 83.88151489257812, 83.88151550292969, 83.88151977539063, 83.88151275634766, 83.88151153564453, 83.88151550292969, 83.88151519775391, 83.88150299072265, 83.88150115966798, 83.88150756835938, 83.88150421142578, 83.88150207519531, 83.88151336669922, 83.88150634765626, 83.8815121459961, 83.88150787353516, 83.88151397705079, 83.88151794433594, 83.88150787353516, 83.88149444580078, 83.88149475097656, 83.88149017333984, 83.88148956298828, 83.88149169921876, 83.88150054931641, 83.88150115966798, 83.88150360107421, 83.88150085449219, 83.88148895263672, 83.8814907836914, 83.88148529052735, 83.88148376464844, 83.88148101806641, 83.8814926147461, 83.88150756835938, 83.88150268554688, 83.88150024414062, 83.88149841308594, 83.88150604248047, 83.88149932861329, 83.88150665283203, 83.88151031494141, 83.8815185546875, 83.8815185546875, 83.88151458740235, 83.88151031494141, 83.88150512695313, 83.88150207519531, 83.88150817871094, 83.88151794433594, 83.88152191162109, 83.8815200805664, 83.88151824951171, 83.88152435302734, 83.88151824951171, 83.88151580810548, 83.88150817871094, 83.88150329589844, 83.88150756835938, 83.88150390625, 83.88149658203125, 83.88149414062501, 83.88150085449219, 83.88149627685547, 83.88149414062501, 83.88149383544922, 83.88149932861329, 83.88149841308594, 83.88149475097656, 83.88149047851563, 83.88147674560547, 83.8814828491211, 83.88148101806641, 83.88148895263672, 83.88149383544922, 83.88149566650391, 83.88149810791016, 83.88149688720704, 83.88150146484375, 83.88150512695313, 83.88149353027345, 83.88149688720704, 83.88150756835938, 83.88150299072265, 83.88150787353516, 83.88151092529297, 83.88151031494141, 83.88151245117187, 83.8815170288086, 83.88151947021484, 83.88152038574219, 83.88152557373047, 83.88152343750001, 83.88152862548829, 83.88152130126953, 83.88151397705079, 83.88150848388672, 83.88150756835938, 83.88151153564453, 83.88149993896485, 83.88152435302734, 83.88152984619141, 83.88151763916015, 83.88151336669922, 83.8815121459961, 83.88150970458985, 83.88150146484375, 83.88150054931641, 83.88150787353516, 83.88150207519531, 83.88150787353516, 83.88150512695313, 83.88150054931641, 83.88149871826172, 83.88150451660157, 83.88150390625, 83.88150451660157, 83.88150909423828, 83.88151458740235, 83.88150329589844, 83.88150665283203, 83.88150085449219, 83.88149963378906, 83.88149993896485, 83.88149414062501, 83.88150970458985, 83.88151458740235, 83.88152282714844, 83.88151763916015, 83.88151611328125, 83.88150939941407, 83.88150817871094, 83.8815054321289, 83.88151733398438, 83.88151275634766, 83.8815170288086, 83.88151428222656, 83.88151062011718, 83.881513671875, 83.88151580810548, 83.88151306152344, 83.88150909423828, 83.88151947021484, 83.88151580810548, 83.88151153564453, 83.88150665283203, 83.88150329589844, 83.8814907836914, 83.88150085449219, 83.88151092529297, 83.88151000976562, 83.88151672363281, 83.88151397705079, 83.88150848388672, 83.88149932861329, 83.88149536132812, 83.88149414062501, 83.88149566650391, 83.88149810791016, 83.88150421142578, 83.88150573730469, 83.88150665283203, 83.88150085449219, 83.88149353027345, 83.88149230957032, 83.88149505615235, 83.88150299072265, 83.88150848388672, 83.88150268554688, 83.88149963378906, 83.88149963378906, 83.88150085449219, 83.88150085449219, 83.88150299072265, 83.88151245117187, 83.88152557373047, 83.8815267944336, 83.88151641845704, 83.88151580810548, 83.88151519775391, 83.88151184082031, 83.88151916503907, 83.88151885986328, 83.88152862548829, 83.88152648925781, 83.8815267944336, 83.88152709960937, 83.88152893066406, 83.88153198242188, 83.88153106689454, 83.88153045654298, 83.88152893066406, 83.88153015136719, 83.88152587890625, 83.88152557373047, 83.88152465820313, 83.88152221679688, 83.88151824951171, 83.88151885986328, 83.88151885986328, 83.88152282714844, 83.88152343750001, 83.88152252197266, 83.88151519775391, 83.88150787353516, 83.88151184082031, 83.88151153564453, 83.88150604248047, 83.88151153564453, 83.88151123046875, 83.88150970458985, 83.88149932861329, 83.88150146484375, 83.88149230957032, 83.8814926147461, 83.88149871826172, 83.88150482177734, 83.88150848388672, 83.88150665283203, 83.88150268554688, 83.88149566650391, 83.88149871826172, 83.88149993896485, 83.88149841308594, 83.88150177001954, 83.8815054321289, 83.88150787353516, 83.8815054321289, 83.88150573730469, 83.88150817871094, 83.88150756835938, 83.88150817871094, 83.88151000976562, 83.88152374267578, 83.88152343750001, 83.88151153564453, 83.88151306152344, 83.88151947021484, 83.88151550292969, 83.88152526855468, 83.88153015136719, 83.88153289794921, 83.88153289794921, 83.8815316772461, 83.88153198242188, 83.88152740478516, 83.88153106689454, 83.88152740478516, 83.88152130126953, 83.88153533935547, 83.88153045654298, 83.8815267944336, 83.88152740478516, 83.88152587890625, 83.88152923583985, 83.88152862548829, 83.8815200805664, 83.88152160644532, 83.88152374267578, 83.88152557373047, 83.88151062011718, 83.88150878906251, 83.88151245117187, 83.88151000976562, 83.88150939941407, 83.88150299072265, 83.88150787353516, 83.8815121459961, 83.88151123046875, 83.88150665283203, 83.88150573730469, 83.8814907836914, 83.88150146484375, 83.88150115966798, 83.88150268554688, 83.88150878906251, 83.88150451660157, 83.88150695800782, 83.88151428222656, 83.88151123046875, 83.88150207519531, 83.88151550292969, 83.88151306152344, 83.88151184082031, 83.8815200805664, 83.88152404785157, 83.88152343750001, 83.88152954101562, 83.881533203125, 83.88152160644532, 83.88152923583985, 83.88152587890625, 83.88152465820313, 83.88152404785157, 83.88152740478516, 83.88152191162109, 83.88152343750001, 83.88151885986328, 83.88152465820313, 83.88153106689454, 83.88153411865234, 83.88152923583985, 83.88152801513672, 83.88151947021484, 83.88150970458985, 83.88151031494141, 83.8815054321289, 83.88151092529297, 83.88151733398438, 83.88151824951171, 83.88151794433594, 83.88151641845704, 83.88151733398438, 83.8815121459961, 83.88151123046875, 83.88150817871094, 83.88151428222656, 83.88151184082031, 83.88151306152344, 83.88151245117187, 83.88150573730469, 83.88150909423828, 83.8815054321289, 83.8815054321289, 83.88151824951171, 83.88152557373047, 83.88152343750001, 83.88151947021484, 83.88151916503907, 83.88151245117187, 83.88151519775391, 83.8815170288086, 83.88152221679688, 83.88152618408203, 83.88152709960937, 83.88152435302734, 83.88152648925781, 83.8815170288086, 83.88151977539063, 83.88151947021484, 83.88152221679688, 83.8815283203125, 83.88153106689454, 83.88152313232422, 83.8815283203125, 83.88152709960937, 83.88151611328125, 83.88151763916015, 83.88152282714844, 83.88152038574219, 83.88151611328125, 83.88152709960937, 83.88152160644532, 83.88151824951171, 83.88151824951171, 83.88151885986328, 83.88151611328125, 83.88151184082031, 83.88151580810548, 83.8815185546875, 83.88150665283203, 83.88151947021484, 83.88151306152344, 83.88151336669922, 83.88151275634766, 83.88151489257812, 83.88151428222656, 83.88152374267578, 83.88152374267578, 83.88151824951171, 83.88151550292969, 83.88152252197266, 83.88151641845704, 83.88151672363281, 83.88152252197266, 83.88152435302734, 83.88152984619141, 83.88152618408203, 83.88152038574219, 83.88151489257812, 83.88151580810548, 83.88151123046875, 83.88150970458985, 83.8815121459961, 83.88152191162109, 83.88152099609376, 83.88151916503907, 83.88151672363281, 83.88152252197266, 83.88151428222656, 83.881513671875, 83.88151733398438, 83.8815185546875, 83.88151672363281, 83.881513671875, 83.88151397705079, 83.88151092529297, 83.88151428222656, 83.88151458740235, 83.88152343750001, 83.88152069091797, 83.88152282714844, 83.88152038574219, 83.88151550292969, 83.8815170288086, 83.88152069091797, 83.88151947021484, 83.88152343750001, 83.88152496337891, 83.88153564453125, 83.88152740478516, 83.88152984619141, 83.88152801513672, 83.88151794433594, 83.88151885986328, 83.88152374267578, 83.88152252197266, 83.8815200805664, 83.88152862548829, 83.8815170288086, 83.88151519775391, 83.88151580810548, 83.8815185546875, 83.88151672363281, 83.8815200805664, 83.88152465820313, 83.8815185546875, 83.88151763916015, 83.88150909423828, 83.88150756835938, 83.88150299072265, 83.88149963378906, 83.88150573730469, 83.88151489257812, 83.88151428222656, 83.88151306152344, 83.88151672363281, 83.88150421142578, 83.88150482177734, 83.8815121459961, 83.88152160644532, 83.88152496337891, 83.88152587890625, 83.88152221679688, 83.88151794433594, 83.88151519775391, 83.88151336669922, 83.88152160644532, 83.88152282714844, 83.8815316772461, 83.88153747558594, 83.88154388427735, 83.88153137207031, 83.88153137207031, 83.88153381347657, 83.88153411865234, 83.8815316772461, 83.88153015136719, 83.88153503417969, 83.88153656005859, 83.8815380859375, 83.88152526855468, 83.88152770996093, 83.88152374267578, 83.8815283203125, 83.88152526855468, 83.88151977539063, 83.88152526855468, 83.88152435302734, 83.88151397705079, 83.88151031494141, 83.88150177001954, 83.88150817871094, 83.8815072631836, 83.88150939941407, 83.88151275634766, 83.88151458740235, 83.8815170288086, 83.88151031494141, 83.88150390625, 83.88149810791016, 83.88149627685547, 83.88150085449219, 83.88150573730469, 83.88151092529297, 83.88151489257812, 83.88151641845704, 83.88151611328125, 83.88151794433594, 83.88152130126953, 83.88152740478516, 83.88152343750001, 83.88151794433594, 83.88152221679688, 83.88151641845704, 83.88152252197266, 83.88151885986328, 83.88152069091797, 83.88152282714844, 83.88152770996093, 83.88153015136719, 83.88153778076172, 83.88153106689454, 83.88153289794921, 83.88153381347657, 83.8815316772461, 83.88152038574219, 83.88152740478516, 83.88152740478516, 83.88152648925781, 83.88153045654298, 83.88152618408203, 83.88152862548829, 83.88152526855468, 83.88152435302734, 83.88152374267578, 83.88152404785157, 83.88153594970703, 83.88153045654298, 83.88152862548829, 83.88152587890625, 83.88152587890625, 83.88151947021484, 83.88151428222656, 83.88151580810548, 83.88152435302734, 83.88152313232422, 83.88152954101562, 83.88151977539063, 83.88151977539063, 83.88151336669922, 83.88151306152344, 83.88151489257812, 83.88152160644532, 83.88151794433594, 83.88151916503907, 83.88151153564453, 83.88150878906251, 83.88151245117187, 83.88151672363281, 83.88152069091797, 83.88152435302734, 83.881513671875, 83.8815170288086, 83.88151794433594, 83.88150848388672, 83.88150360107421, 83.88150299072265, 83.88150848388672, 83.88151672363281, 83.88152038574219, 83.8815200805664, 83.88151031494141, 83.88151245117187, 83.88150848388672, 83.8815072631836, 83.88151458740235, 83.88151611328125, 83.88151519775391, 83.88151580810548, 83.88151306152344, 83.88151336669922, 83.88151336669922, 83.88151916503907, 83.88152221679688, 83.88153198242188, 83.88153656005859, 83.88154052734374, 83.8815316772461, 83.88152709960937, 83.8815170288086, 83.88151885986328, 83.88152252197266, 83.88152557373047, 83.88153137207031, 83.88153839111328, 83.8815463256836, 83.88155090332032, 83.88154296875, 83.88153594970703, 83.88152954101562, 83.88151916503907, 83.88151672363281, 83.8815185546875, 83.88152648925781, 83.88152618408203, 83.88151763916015, 83.88152496337891, 83.88153045654298, 83.88152313232422, 83.88152282714844, 83.88153106689454, 83.88152160644532, 83.8815267944336, 83.88151977539063, 83.88151062011718, 83.88150695800782, 83.88151336669922, 83.88151000976562, 83.88151672363281, 83.88151428222656, 83.88151885986328, 83.88151123046875, 83.88151458740235, 83.88151641845704, 83.88151550292969, 83.88151092529297, 83.88150665283203, 83.88151733398438, 83.88151245117187, 83.88151611328125, 83.88151550292969, 83.88151733398438, 83.88151489257812, 83.88151611328125, 83.88151885986328, 83.88152252197266, 83.88152618408203, 83.88152252197266, 83.88151947021484, 83.88152191162109, 83.88152130126953, 83.88152191162109, 83.88152221679688, 83.88152465820313, 83.88153594970703, 83.88152862548829, 83.88153259277344, 83.88152740478516, 83.88152618408203, 83.88153045654298, 83.88153015136719, 83.88153015136719, 83.88153839111328, 83.88153076171875, 83.88152343750001, 83.88152160644532, 83.88152130126953, 83.88151763916015, 83.88152648925781, 83.88151428222656, 83.88152191162109, 83.88152770996093, 83.88152526855468, 83.88153076171875, 83.8815170288086, 83.88151428222656, 83.88150909423828, 83.8815072631836, 83.88150970458985, 83.88151733398438, 83.88151885986328, 83.88152496337891, 83.88151947021484, 83.88150909423828, 83.88150787353516, 83.88151062011718, 83.88151489257812, 83.88152343750001, 83.88153686523438, 83.88152893066406, 83.88151672363281, 83.88151824951171, 83.88151123046875, 83.88151763916015, 83.88152221679688, 83.88152770996093, 83.8815380859375, 83.88153869628907, 83.88152648925781, 83.88151824951171, 83.88151428222656, 83.88151458740235, 83.88152130126953, 83.88152221679688, 83.88152557373047, 83.88152465820313, 83.88152923583985, 83.88153198242188, 83.88152954101562, 83.88152191162109, 83.8815185546875, 83.88152465820313, 83.88152069091797, 83.88152954101562, 83.88151672363281, 83.88151275634766, 83.88151763916015, 83.88151458740235, 83.88151275634766, 83.88152435302734, 83.88152069091797, 83.88153045654298, 83.88153259277344, 83.88151458740235, 83.88150787353516, 83.8815054321289, 83.88150817871094, 83.88150878906251, 83.88151275634766, 83.88151977539063, 83.88152893066406, 83.88152160644532, 83.88151824951171, 83.88151824951171, 83.88151458740235, 83.88151000976562, 83.88151092529297, 83.88151550292969, 83.88152191162109, 83.88152160644532, 83.88152160644532, 83.88152252197266, 83.88152130126953, 83.88152069091797, 83.88151672363281, 83.88152496337891, 83.88153259277344, 83.88152862548829, 83.88152587890625, 83.88151947021484, 83.8815185546875, 83.88151763916015, 83.88153228759766, 83.88152496337891, 83.88153839111328, 83.881533203125, 83.88153350830078, 83.881533203125, 83.88152496337891, 83.88152404785157, 83.8815267944336, 83.88153198242188, 83.8815399169922, 83.88154266357422, 83.88153656005859, 83.88152526855468, 83.88152191162109, 83.88152130126953, 83.88151733398438, 83.88152770996093, 83.88152954101562, 83.88153594970703, 83.88152984619141, 83.88152282714844, 83.88152465820313, 83.88151733398438, 83.88151336669922, 83.88151641845704, 83.88151184082031, 83.88151794433594, 83.88151275634766, 83.88150512695313, 83.881513671875, 83.8815170288086, 83.88151519775391, 83.88151550292969, 83.88151611328125, 83.88151794433594, 83.8815185546875, 83.88151550292969, 83.88151336669922, 83.88149719238281, 83.88150909423828, 83.88150665283203, 83.88151489257812, 83.88152496337891, 83.88153137207031, 83.88153015136719, 83.88151947021484, 83.88152313232422, 83.8815200805664, 83.88151763916015, 83.88151458740235, 83.8815200805664, 83.8815316772461, 83.88153015136719, 83.88153076171875, 83.88152435302734, 83.88152618408203, 83.88152404785157, 83.88152404785157, 83.88152496337891, 83.881533203125, 83.88152770996093, 83.88153106689454, 83.88152282714844, 83.88153137207031, 83.88152984619141, 83.88153045654298, 83.88152770996093, 83.88153289794921, 83.8815267944336, 83.88153533935547, 83.88153381347657, 83.88152862548829, 83.8815316772461, 83.88152465820313, 83.88152404785157, 83.881533203125, 83.88152893066406, 83.88153350830078, 83.88152160644532, 83.88151519775391, 83.88151275634766, 83.88151550292969, 83.88151519775391, 83.88152465820313, 83.88151885986328, 83.88151458740235, 83.881513671875, 83.88150848388672, 83.88150238037109, 83.8815121459961, 83.88150787353516, 83.88151794433594, 83.88151885986328, 83.88151489257812, 83.8815072631836, 83.88150817871094, 83.88150970458985, 83.881513671875, 83.88151763916015, 83.88152252197266, 83.88151947021484, 83.88152099609376, 83.88151885986328, 83.88151245117187, 83.88151245117187, 83.88151519775391, 83.88151611328125, 83.88151733398438, 83.88152282714844, 83.88152313232422, 83.88152160644532, 83.8815283203125, 83.88152374267578, 83.88151763916015, 83.881513671875, 83.88152191162109, 83.88153045654298, 83.88152770996093, 83.88153259277344, 83.88152709960937, 83.88152740478516, 83.88152496337891, 83.88151977539063, 83.88152465820313, 83.88152923583985, 83.88153106689454, 83.88153961181641, 83.88153411865234, 83.8815347290039, 83.88153564453125, 83.8815316772461, 83.8815267944336, 83.88153350830078, 83.88153289794921, 83.88153503417969, 83.88154083251953, 83.88152954101562, 83.88152465820313, 83.88152252197266, 83.88150909423828, 83.88151458740235, 83.88151489257812, 83.88151519775391, 83.88152618408203, 83.88152313232422, 83.88152496337891, 83.88151031494141, 83.88151336669922, 83.88150878906251, 83.88150848388672, 83.88149993896485, 83.88150207519531, 83.88151123046875, 83.88149963378906, 83.88150085449219, 83.88150024414062, 83.88150177001954, 83.88150360107421, 83.88151123046875, 83.88150909423828, 83.88151672363281, 83.88151458740235, 83.88151184082031, 83.88151000976562, 83.88151794433594, 83.88152374267578, 83.88152252197266, 83.8815267944336, 83.88152801513672, 83.88153228759766, 83.88152923583985, 83.88152709960937, 83.88152282714844, 83.88152343750001, 83.88153533935547, 83.88153411865234, 83.88154357910156, 83.88155090332032, 83.88154327392579, 83.88153228759766, 83.88153564453125, 83.88153350830078, 83.88152038574219, 83.881533203125, 83.88153778076172, 83.88154022216797, 83.8815380859375, 83.88153533935547, 83.88152252197266, 83.8815200805664, 83.88151733398438, 83.88152435302734, 83.88152404785157, 83.88151763916015, 83.88152526855468, 83.88151824951171, 83.88151184082031, 83.88150634765626, 83.88151947021484, 83.88151062011718, 83.88151885986328, 83.88152557373047, 83.88152526855468, 83.88151794433594, 83.88151580810548, 83.88151153564453, 83.88151031494141, 83.88151977539063, 83.88151824951171, 83.88151885986328, 83.88152130126953, 83.8815200805664, 83.88152404785157, 83.88151672363281, 83.88151580810548, 83.88152038574219, 83.88152740478516, 83.88152557373047, 83.88152709960937, 83.88153015136719, 83.88152618408203, 83.88152069091797, 83.88152099609376, 83.88152130126953, 83.8815316772461, 83.8815200805664, 83.88152984619141, 83.8815316772461, 83.88152954101562, 83.8815267944336, 83.88152587890625, 83.88151977539063, 83.88151428222656, 83.88151336669922, 83.88152923583985, 83.88152526855468, 83.88152496337891, 83.88152618408203, 83.88152038574219, 83.88152038574219, 83.8815170288086, 83.8815185546875, 83.88152160644532, 83.88151641845704, 83.88151580810548, 83.88152160644532, 83.88152160644532, 83.88151306152344, 83.88151916503907, 83.88152191162109, 83.88152343750001, 83.88152069091797, 83.88151824951171, 83.88152557373047, 83.88151763916015, 83.8815200805664, 83.88151397705079, 83.88151885986328, 83.88151489257812, 83.88152221679688, 83.88152587890625, 83.88151428222656, 83.88152069091797, 83.88151947021484, 83.88152526855468, 83.88152374267578, 83.8815185546875, 83.88152404785157, 83.88152465820313, 83.88152435302734, 83.8815283203125, 83.88152648925781, 83.88152343750001, 83.88152191162109, 83.8815185546875, 83.88151916503907, 83.8815267944336, 83.88152954101562, 83.88152893066406, 83.88153106689454, 83.88152648925781, 83.88151824951171, 83.88152038574219, 83.88151947021484, 83.8815283203125, 83.88152862548829, 83.88152313232422, 83.88151672363281, 83.88152343750001, 83.88151245117187, 83.88152160644532, 83.88152404785157, 83.88153350830078, 83.88153442382813, 83.88152557373047, 83.88152740478516, 83.88152038574219, 83.88151824951171, 83.88151458740235, 83.881513671875, 83.8815185546875, 83.88151550292969, 83.88152099609376, 83.88152343750001, 83.88152404785157, 83.88151062011718, 83.8814990234375, 83.88151092529297, 83.88151641845704, 83.88151519775391, 83.88152069091797, 83.88152130126953, 83.88151611328125, 83.8815185546875, 83.88152191162109, 83.88150878906251, 83.88151885986328, 83.88151580810548, 83.88151336669922, 83.88151672363281, 83.881513671875, 83.88152038574219, 83.881513671875, 83.88151275634766, 83.88152313232422, 83.88152282714844, 83.88153228759766, 83.8815347290039, 83.88152618408203, 83.88152313232422, 83.88152404785157, 83.88152496337891, 83.88152557373047, 83.88153045654298, 83.88153106689454, 83.88153076171875, 83.88153442382813, 83.88152893066406, 83.88152282714844, 83.88152069091797, 83.88152954101562, 83.8815316772461, 83.88153381347657, 83.88152496337891, 83.88152069091797, 83.88152191162109, 83.88152191162109, 83.88151916503907, 83.88151794433594, 83.88150604248047, 83.88151397705079, 83.88151947021484, 83.88152465820313, 83.88152770996093, 83.88151733398438, 83.88151306152344, 83.88150787353516, 83.88150573730469, 83.88151062011718, 83.88151397705079, 83.88151733398438, 83.88150817871094, 83.88151885986328, 83.88151489257812, 83.88150939941407, 83.88150939941407, 83.88152038574219, 83.88152160644532, 83.8815185546875, 83.88152709960937, 83.88151885986328, 83.881513671875, 83.88151580810548, 83.88151336669922, 83.88152252197266, 83.88152618408203, 83.88153869628907, 83.88153137207031, 83.88152221679688, 83.88152221679688, 83.8815200805664, 83.88152618408203, 83.88152526855468, 83.88152770996093, 83.88153381347657, 83.88152648925781, 83.88152770996093, 83.88152374267578, 83.88152099609376, 83.88152526855468, 83.88152587890625, 83.88152404785157, 83.88152557373047, 83.88152923583985, 83.88152862548829, 83.8815267944336, 83.8815283203125, 83.88152313232422, 83.8815200805664, 83.88151489257812, 83.88151184082031, 83.88151763916015, 83.88151885986328, 83.88152069091797, 83.88152069091797, 83.88152160644532, 83.88152435302734, 83.88151947021484, 83.88151550292969, 83.88151672363281, 83.88151977539063, 83.88151733398438, 83.88151275634766, 83.88151245117187, 83.88150421142578, 83.8815185546875, 83.88151641845704, 83.8815283203125, 83.88152404785157, 83.881533203125, 83.88152130126953, 83.88151916503907, 83.8815054321289, 83.88151489257812, 83.88150970458985, 83.88152587890625, 83.88152954101562, 83.88153381347657, 83.8815267944336, 83.88153106689454, 83.88152099609376, 83.88152313232422, 83.88152374267578, 83.88152648925781, 83.88153045654298, 83.88152923583985, 83.88153564453125, 83.88153045654298, 83.88153137207031, 83.88152435302734, 83.88152160644532, 83.88152252197266, 83.88153137207031, 83.8815316772461, 83.88152893066406, 83.88152252197266, 83.88152160644532, 83.88151641845704, 83.88151550292969, 83.88152130126953, 83.8815316772461, 83.88152923583985, 83.88152618408203, 83.88152648925781, 83.88151947021484, 83.88151031494141, 83.88150390625, 83.88150634765626, 83.88151672363281, 83.88151824951171, 83.88152709960937, 83.88151763916015, 83.88151275634766, 83.88150878906251, 83.88150909423828, 83.88150878906251, 83.88151428222656, 83.8815267944336, 83.88152587890625, 83.8815200805664, 83.88152160644532, 83.881513671875, 83.88151153564453, 83.88150878906251, 83.88151794433594, 83.88152099609376, 83.88152099609376, 83.88152740478516, 83.8815185546875, 83.88151977539063, 83.88151489257812, 83.88152313232422, 83.88152374267578, 83.88152770996093, 83.88152801513672, 83.88152709960937, 83.88152526855468, 83.88152099609376, 83.88152069091797, 83.88152526855468, 83.88151977539063, 83.88152709960937, 83.88152587890625, 83.88152954101562, 83.88152893066406, 83.88152770996093, 83.88151763916015, 83.88152557373047, 83.88151550292969, 83.88151733398438, 83.88151550292969, 83.88151977539063, 83.88152740478516, 83.88152954101562, 83.88151184082031, 83.88150878906251, 83.88151672363281, 83.88152191162109, 83.88152557373047, 83.88153015136719, 83.88152343750001, 83.88151763916015, 83.881513671875, 83.88150817871094, 83.88151275634766, 83.88151641845704, 83.881513671875, 83.88151306152344, 83.88151977539063, 83.88151550292969, 83.88151428222656, 83.88151641845704, 83.88150573730469, 83.88151184082031, 83.88151184082031, 83.88151184082031, 83.88151184082031, 83.88151611328125, 83.88151641845704, 83.88151733398438, 83.88152069091797, 83.88151885986328, 83.88152343750001, 83.88152496337891, 83.88152740478516, 83.88153259277344, 83.88153198242188, 83.8815170288086, 83.88151153564453, 83.88151458740235, 83.88152069091797, 83.88153106689454, 83.88153106689454, 83.88153717041016, 83.88153228759766, 83.88152862548829, 83.88152496337891, 83.88152954101562, 83.88152252197266, 83.88152709960937, 83.88152648925781, 83.88153228759766, 83.88153289794921, 83.88153076171875, 83.88151611328125, 83.88151580810548, 83.88151916503907, 83.88152191162109, 83.88152648925781, 83.88153137207031, 83.88152435302734, 83.8815200805664, 83.88150604248047, 83.88151580810548, 83.88151977539063, 83.88151824951171, 83.88151763916015, 83.8815170288086, 83.88151306152344, 83.8815185546875, 83.88152221679688, 83.88151672363281, 83.88152160644532, 83.88151794433594, 83.88152374267578, 83.88152221679688, 83.88152740478516, 83.88152343750001, 83.8815185546875, 83.88151336669922, 83.88152160644532, 83.88151489257812, 83.8815185546875, 83.88152282714844, 83.88153106689454, 83.88153625488282, 83.88152648925781, 83.88151885986328, 83.88151245117187, 83.88150695800782, 83.8815170288086, 83.88152313232422, 83.88153381347657, 83.88153594970703, 83.88152923583985, 83.88152770996093, 83.88151824951171, 83.88152099609376, 83.8815185546875, 83.8815200805664, 83.88152618408203, 83.8815170288086, 83.88152160644532, 83.88152038574219, 83.88152374267578, 83.8815170288086, 83.88151092529297, 83.88152282714844, 83.88152374267578, 83.88151885986328, 83.88152130126953, 83.88152343750001, 83.88152343750001, 83.88151794433594, 83.88151947021484, 83.88151794433594, 83.88152770996093, 83.8815267944336, 83.88152740478516, 83.8815283203125, 83.88152709960937, 83.88151489257812, 83.88151062011718, 83.8815072631836, 83.88152069091797, 83.88152770996093, 83.88152770996093, 83.88152160644532, 83.88152252197266, 83.8815267944336, 83.88152282714844, 83.88151672363281, 83.88151031494141, 83.88152069091797, 83.88152252197266, 83.88152404785157, 83.8815185546875, 83.8815170288086, 83.88151062011718, 83.88151947021484, 83.88151580810548, 83.88152130126953, 83.88151885986328, 83.88152252197266, 83.88151489257812, 83.88151794433594, 83.88151092529297, 83.88152069091797, 83.88151123046875, 83.88151428222656, 83.8815200805664, 83.88152343750001, 83.88152709960937, 83.88152496337891, 83.88152648925781, 83.88151947021484, 83.88150909423828, 83.88151580810548, 83.88152801513672, 83.88153259277344, 83.88153289794921, 83.88153015136719, 83.88152374267578, 83.88153076171875, 83.88152435302734, 83.88152618408203, 83.88152465820313, 83.88153289794921, 83.88153137207031, 83.88153381347657, 83.88152893066406, 83.88153015136719, 83.88151977539063, 83.88152313232422, 83.88152496337891, 83.88152893066406, 83.88152038574219, 83.88152587890625, 83.88152160644532, 83.88151031494141, 83.8815072631836, 83.88150695800782, 83.88151000976562, 83.88152038574219, 83.88152160644532, 83.88152038574219, 83.88152099609376, 83.88151062011718, 83.88150390625, 83.8815072631836, 83.88150085449219, 83.8815054321289, 83.88151458740235, 83.88151611328125, 83.88151580810548, 83.88151092529297, 83.88151550292969, 83.88151519775391, 83.88151306152344, 83.88150848388672, 83.88152313232422, 83.88152770996093, 83.88152801513672, 83.88152740478516, 83.88152954101562, 83.88152435302734, 83.88151977539063, 83.88152374267578, 83.88152709960937, 83.88152923583985, 83.88153137207031, 83.88152618408203, 83.88152526855468, 83.88152374267578, 83.88152526855468, 83.88152801513672, 83.88152862548829, 83.88153350830078, 83.88153076171875, 83.88152801513672, 83.88152587890625, 83.88151275634766, 83.88150817871094, 83.88151672363281, 83.88150909423828, 83.88152282714844, 83.88153533935547, 83.88152740478516, 83.88152587890625, 83.8815170288086, 83.88151397705079, 83.88151306152344, 83.88151336669922, 83.88152038574219, 83.88151092529297, 83.88152191162109, 83.88151885986328, 83.88151489257812, 83.88152130126953, 83.88152374267578, 83.8815185546875, 83.88152923583985, 83.88152648925781, 83.88152130126953, 83.88151672363281, 83.88150787353516, 83.88150939941407, 83.88151000976562, 83.88151672363281, 83.88151824951171, 83.88152893066406, 83.88153381347657, 83.88152862548829, 83.88152221679688, 83.88152038574219, 83.88151824951171, 83.88152069091797, 83.88151794433594, 83.88152160644532, 83.88152435302734, 83.88152221679688, 83.88152191162109, 83.8815200805664, 83.88152374267578, 83.88152069091797, 83.88151306152344, 83.8815185546875, 83.88151794433594, 83.88151977539063, 83.88151519775391, 83.88152282714844, 83.88152099609376, 83.88151489257812, 83.88152069091797, 83.88151489257812, 83.88151428222656, 83.88152526855468, 83.8815200805664, 83.88152221679688, 83.8815267944336, 83.88152343750001, 83.88151763916015, 83.88151123046875, 83.88150939941407, 83.88150909423828, 83.88152435302734, 83.88152587890625, 83.88153228759766, 83.88152221679688, 83.8815200805664, 83.88151733398438, 83.88151885986328, 83.88152465820313, 83.88152587890625, 83.88153137207031]

----------------------------------------
