Signal Data Log
========================================

Signal: Fault Bit Toggled
Data Points: 2000
Values: [0, 0, 0, 0, 0, 0, 0, 0, 0, 0, 1, 1, 1, 1, 1, 1, 1, 1, 1, 1, 1, 1, 1, 1, 1, 1, 1, 1, 1, 1, 1, 1, 1, 1, 1, 1, 1, 1, 1, 1, 1, 1, 1, 1, 1, 1, 1, 1, 1, 1, 1, 1, 1, 1, 1, 1, 1, 1, 1, 1, 1, 1, 1, 1, 1, 1, 1, 1, 1, 1, 1, 1, 1, 1, 1, 1, 1, 1, 1, 1, 1, 1, 1, 1, 1, 1, 1, 1, 1, 1, 1, 1, 1, 1, 1, 1, 1, 1, 1, 1, 1, 1, 1, 1, 1, 1, 1, 1, 1, 1, 1, 1, 1, 1, 1, 1, 1, 1, 1, 1, 1, 1, 1, 1, 1, 1, 1, 1, 1, 1, 1, 1, 1, 1, 1, 1, 1, 1, 1, 1, 1, 1, 1, 1, 1, 1, 1, 1, 1, 1, 1, 1, 1, 1, 1, 1, 1, 1, 1, 1, 1, 1, 1, 1, 1, 1, 1, 1, 1, 1, 1, 1, 1, 1, 1, 1, 1, 1, 1, 1, 1, 1, 1, 1, 1, 1, 1, 1, 1, 1, 1, 1, 1, 1, 1, 1, 1, 1, 1, 1, 1, 1, 1, 1, 1, 1, 1, 1, 1, 1, 1, 1, 1, 1, 1, 1, 1, 1, 1, 1, 1, 1, 1, 1, 1, 1, 1, 1, 1, 1, 1, 1, 1, 1, 1, 1, 1, 1, 1, 1, 1, 1, 1, 1, 1, 1, 1, 1, 1, 1, 1, 1, 1, 1, 1, 1, 1, 1, 1, 1, 1, 1, 1, 1, 1, 1, 1, 1, 1, 1, 1, 1, 1, 1, 1, 1, 1, 1, 1, 1, 1, 1, 1, 1, 1, 1, 1, 1, 1, 1, 1, 1, 1, 1, 1, 1, 1, 1, 1, 1, 1, 1, 1, 1, 1, 1, 1, 1, 1, 1, 1, 1, 1, 1, 1, 1, 1, 1, 1, 1, 1, 1, 1, 1, 1, 1, 1, 1, 1, 1, 1, 1, 1, 1, 1, 1, 1, 1, 1, 1, 1, 1, 1, 1, 1, 1, 1, 1, 1, 1, 1, 1, 1, 1, 1, 1, 1, 1, 1, 1, 1, 1, 1, 1, 1, 1, 1, 1, 1, 1, 1, 1, 1, 1, 1, 1, 1, 1, 1, 1, 1, 1, 1, 1, 1, 1, 1, 1, 1, 1, 1, 1, 1, 1, 1, 1, 1, 1, 1, 1, 1, 1, 1, 1, 1, 1, 1, 1, 1, 1, 1, 1, 1, 1, 1, 1, 1, 1, 1, 1, 1, 1, 1, 1, 1, 1, 1, 1, 1, 1, 1, 1, 1, 1, 1, 1, 1, 1, 1, 1, 1, 1, 1, 1, 1, 1, 1, 1, 1, 1, 1, 1, 1, 1, 1, 1, 1, 1, 1, 1, 1, 1, 1, 1, 1, 1, 1, 1, 1, 1, 1, 1, 1, 1, 1, 1, 1, 1, 1, 1, 1, 1, 1, 1, 1, 1, 1, 1, 1, 1, 1, 1, 1, 1, 1, 1, 1, 1, 1, 1, 1, 1, 1, 1, 1, 1, 1, 1, 1, 1, 1, 1, 1, 1, 1, 1, 1, 1, 1, 1, 1, 1, 1, 1, 1, 1, 1, 1, 1, 1, 1, 1, 1, 1, 1, 1, 1, 1, 1, 1, 1, 1, 1, 1, 1, 1, 1, 1, 1, 1, 1, 1, 1, 1, 1, 1, 1, 1, 1, 1, 1, 1, 1, 1, 1, 1, 1, 1, 1, 1, 1, 1, 1, 1, 1, 1, 1, 1, 1, 1, 1, 1, 1, 1, 1, 1, 1, 1, 1, 1, 1, 1, 1, 1, 1, 1, 1, 1, 1, 1, 1, 1, 1, 1, 1, 1, 1, 1, 1, 1, 1, 1, 1, 1, 1, 1, 1, 1, 1, 1, 1, 1, 1, 1, 1, 1, 1, 1, 1, 1, 1, 1, 1, 1, 1, 1, 1, 1, 1, 1, 1, 1, 1, 1, 1, 1, 1, 1, 1, 1, 1, 1, 1, 1, 1, 1, 1, 1, 1, 1, 1, 1, 1, 1, 1, 1, 1, 1, 1, 1, 1, 1, 1, 1, 1, 1, 1, 1, 1, 1, 1, 1, 1, 1, 1, 1, 1, 1, 1, 1, 1, 1, 1, 1, 1, 1, 1, 1, 1, 1, 1, 1, 1, 1, 1, 1, 1, 1, 1, 1, 1, 1, 1, 1, 1, 1, 1, 1, 1, 1, 1, 1, 1, 1, 1, 1, 1, 1, 1, 1, 1, 1, 1, 1, 1, 1, 1, 1, 1, 1, 1, 1, 1, 1, 1, 1, 1, 1, 1, 1, 1, 1, 1, 1, 1, 1, 1, 1, 1, 1, 1, 1, 1, 1, 1, 1, 1, 1, 1, 1, 1, 1, 1, 1, 1, 1, 1, 1, 1, 1, 1, 1, 1, 1, 1, 1, 1, 1, 1, 1, 1, 1, 1, 1, 1, 1, 1, 1, 1, 1, 1, 1, 1, 1, 1, 1, 1, 1, 1, 1, 1, 1, 1, 1, 1, 1, 1, 1, 1, 1, 1, 1, 1, 1, 1, 1, 1, 1, 1, 1, 1, 1, 1, 1, 1, 1, 1, 1, 1, 1, 1, 1, 1, 1, 1, 1, 1, 1, 1, 1, 1, 1, 1, 1, 1, 1, 1, 1, 1, 1, 1, 1, 1, 1, 1, 1, 1, 1, 1, 1, 1, 1, 1, 1, 1, 1, 1, 1, 1, 1, 1, 1, 1, 1, 1, 1, 1, 1, 1, 1, 1, 1, 1, 1, 1, 1, 1, 1, 1, 1, 1, 1, 1, 1, 1, 1, 1, 1, 1, 1, 1, 1, 1, 1, 1, 1, 1, 1, 1, 1, 1, 1, 1, 1, 1, 1, 1, 1, 1, 1, 1, 1, 1, 1, 1, 1, 1, 1, 1, 1, 1, 1, 1, 1, 1, 1, 1, 1, 1, 1, 1, 1, 1, 1, 1, 1, 1, 1, 1, 1, 1, 1, 1, 1, 1, 1, 1, 1, 1, 1, 1, 1, 1, 1, 1, 1, 1, 1, 1, 1, 1, 1, 1, 1, 1, 1, 1, 1, 1, 1, 1, 1, 1, 1, 1, 1, 1, 1, 1, 1, 1, 1, 1, 1, 1, 1, 1, 1, 1, 1, 1, 1, 1, 1, 1, 1, 1, 1, 1, 1, 1, 1, 1, 1, 1, 1, 1, 1, 1, 1, 1, 1, 1, 1, 1, 1, 1, 1, 1, 1, 1, 1, 1, 1, 1, 1, 1, 1, 1, 1, 1, 1, 1, 1, 1, 1, 1, 1, 1, 1, 1, 1, 1, 1, 1, 1, 1, 1, 1, 1, 1, 1, 1, 1, 1, 1, 1, 1, 1, 1, 1, 1, 1, 1, 1, 1, 1, 1, 1, 1, 1, 1, 1, 1, 1, 1, 1, 1, 1, 1, 1, 1, 1, 1, 1, 1, 1, 1, 1, 1, 1, 1, 1, 1, 1, 1, 1, 1, 1, 1, 1, 1, 1, 1, 1, 1, 1, 1, 1, 1, 1, 1, 1, 1, 1, 1, 1, 1, 1, 1, 1, 1, 1, 1, 1, 1, 1, 1, 1, 1, 1, 1, 1, 1, 1, 1, 1, 1, 1, 1, 1, 1, 1, 1, 1, 1, 1, 1, 1, 1, 1, 1, 1, 1, 1, 1, 1, 1, 1, 1, 1, 1, 1, 1, 1, 1, 1, 1, 1, 1, 1, 1, 1, 1, 1, 1, 1, 1, 1, 1, 1, 1, 1, 1, 1, 1, 1, 1, 1, 1, 1, 1, 1, 1, 1, 1, 1, 1, 1, 1, 1, 1, 1, 1, 1, 1, 1, 1, 1, 1, 1, 1, 1, 1, 1, 1, 1, 1, 1, 1, 1, 1, 1, 1, 1, 1, 1, 1, 1, 1, 1, 1, 1, 1, 1, 1, 1, 1, 1, 1, 1, 1, 1, 1, 1, 1, 1, 1, 1, 1, 1, 1, 1, 1, 1, 1, 1, 1, 1, 1, 1, 1, 1, 1, 1, 1, 1, 1, 1, 1, 1, 1, 1, 1, 1, 1, 1, 1, 1, 1, 1, 1, 1, 1, 1, 1, 1, 1, 1, 1, 1, 1, 1, 1, 1, 1, 1, 1, 1, 1, 1, 1, 1, 1, 1, 1, 1, 1, 1, 1, 1, 1, 1, 1, 1, 1, 1, 1, 1, 1, 1, 1, 1, 1, 1, 1, 1, 1, 1, 1, 1, 1, 1, 1, 1, 1, 1, 1, 1, 1, 1, 1, 1, 1, 1, 1, 1, 1, 1, 1, 1, 1, 1, 1, 1, 1, 1, 1, 1, 1, 1, 1, 1, 1, 1, 1, 1, 1, 1, 1, 1, 1, 1, 1, 1, 1, 1, 1, 1, 1, 1, 1, 1, 1, 1, 1, 1, 1, 1, 1, 1, 1, 1, 1, 1, 1, 1, 1, 1, 1, 1, 1, 1, 1, 1, 1, 1, 1, 1, 1, 1, 1, 1, 1, 1, 1, 1, 1, 1, 1, 1, 1, 1, 1, 1, 1, 1, 1, 1, 1, 1, 1, 1, 1, 1, 1, 1, 1, 1, 1, 1, 1, 1, 1, 1, 1, 1, 1, 1, 1, 1, 1, 1, 1, 1, 1, 1, 1, 1, 1, 1, 1, 1, 1, 1, 1, 1, 1, 1, 1, 1, 1, 1, 1, 1, 1, 1, 1, 1, 1, 1, 1, 1, 1, 1, 1, 1, 1, 1, 1, 1, 1, 1, 1, 1, 1, 1, 1, 1, 1, 1, 1, 1, 1, 1, 1, 1, 1, 1, 1, 1, 1, 1, 1, 1, 1, 1, 1, 1, 1, 1, 1, 1, 1, 1, 1, 1, 1, 1, 1, 1, 1, 1, 1, 1, 1, 1, 1, 1, 1, 1, 1, 1, 1, 1, 1, 1, 1, 1, 1, 1, 1, 1, 1, 1, 1, 1, 1, 1, 1, 1, 1, 1, 1, 1, 1, 1, 1, 1, 1, 1, 1, 1, 1, 1, 1, 1, 1, 1, 1, 1, 1, 1, 1, 1, 1, 1, 1, 1, 1, 1, 1, 1, 1, 1, 1, 1, 1, 1, 1, 1, 1, 1, 1, 1, 1, 1, 1, 1, 1, 1, 1, 1, 1, 1, 1, 1, 1, 1, 1, 1, 1, 1, 1, 1, 1, 1, 1, 1, 1, 1, 1, 1, 1, 1, 1, 1, 1, 1, 1, 1, 1, 1, 1, 1, 1, 1, 1, 1, 1, 1, 1, 1, 1, 1, 1, 1, 1, 1, 1, 1, 1, 1, 1, 1, 1, 1, 1, 1, 1, 1, 1, 1, 1, 1, 1, 1, 1, 1, 1, 1, 1, 1, 1, 1, 1, 1, 1, 1, 1, 1, 1, 1, 1, 1, 1, 1, 1, 1, 1, 1, 1, 1, 1, 1, 1, 1, 1, 1, 1, 1, 1, 1, 1, 1, 1, 1, 1, 1, 1, 1, 1, 1, 1, 1, 1, 1, 1, 1, 1, 1, 1, 1, 1, 1, 1, 1, 1, 1, 1, 1, 1, 1, 1, 1, 1, 1, 1, 1, 1, 1, 1, 1, 1, 1, 1, 1, 1, 1, 1, 1, 1, 1, 1, 1, 1, 1, 1, 1, 1, 1, 1, 1, 1, 1, 1, 1, 1, 1, 1, 1, 1, 1, 1, 1, 1, 1, 1, 1, 1, 1, 1, 1, 1, 1, 1, 1, 1, 1, 1, 1, 1, 1, 1, 1, 1, 1, 1, 1, 1, 1, 1, 1, 1, 1, 1, 1, 1, 1, 1, 1, 1, 1, 1, 1, 1, 1, 1, 1, 1, 1, 1, 1, 1, 1, 1, 1, 1, 1, 1, 1, 1, 1, 1, 1, 1, 1, 1, 1, 1, 1, 1, 1, 1, 1, 1, 1, 1, 1, 1, 1, 1, 1, 1, 1, 1, 1, 1, 1, 1, 1, 1, 1, 1, 1, 1, 1, 1, 1, 1, 1, 1, 1, 1, 1, 1, 1, 1, 1, 1, 1, 1, 1, 1, 1, 1, 1, 1, 1, 1, 1, 1, 1, 1, 1, 1, 1, 1, 1, 1, 1, 1, 1, 1, 1, 1, 1, 1, 1, 1, 1, 1, 1, 1, 1, 1, 1, 1, 1, 1, 1, 1, 1, 1, 1, 1, 1, 1, 1, 1, 1, 1, 1, 1, 1, 1, 1, 1, 1, 1, 1, 1, 1, 1, 1, 1, 1, 1, 1, 1, 1, 1, 1, 1, 1, 1, 1, 1, 1, 1, 1, 1, 1, 1, 1, 1, 1, 1, 1, 1]

----------------------------------------
Signal: Position Feedback
Data Points: 2000
Values: [-83.60499847412109, -83.60499542236329, -83.60499481201173, -83.60499603271485, -83.6049951171875, -83.60499389648437, -83.6049951171875, -83.60499725341798, -83.60499114990235, -83.60499114990235, -83.60498809814453, -83.6052035522461, -83.60573822021485, -83.60632049560547, -83.60671539306641, -83.60689331054688, -83.60684417724609, -83.60666046142579, -83.60643341064453, -83.60622802734375, -83.606064453125, -83.60598083496095, -83.60594635009765, -83.60594055175781, -83.60595764160156, -83.60597930908203, -83.60599639892578, -83.60600341796875, -83.60600891113282, -83.60599334716797, -83.60599090576171, -83.60598815917969, -83.60598419189454, -83.60598541259766, -83.60599090576171, -83.60598754882812, -83.60598571777344, -83.60598785400391, -83.60598602294922, -83.60598388671875, -83.60598846435548, -83.60598175048828, -83.60598144531251, -83.6059848022461, -83.605986328125, -83.60599212646484, -83.6059927368164, -83.60598999023438, -83.60598754882812, -83.60598571777344, -83.60598602294922, -83.60599395751953, -83.60599151611328, -83.60599395751953, -83.60599487304688, -83.60598327636718, -83.60598052978516, -83.60598052978516, -83.60597778320313, -83.60598663330079, -83.60598876953125, -83.60598876953125, -83.60598510742187, -83.60597503662109, -83.60596923828125, -83.60596923828125, -83.60596862792968, -83.60597412109375, -83.60597229003906, -83.60597442626953, -83.60597625732422, -83.60597473144531, -83.60596771240235, -83.60597045898437, -83.60597412109375, -83.60596710205078, -83.60596588134766, -83.60596893310547, -83.60596954345704, -83.60597076416016, -83.60596893310547, -83.60597198486329, -83.6059765625, -83.60598236083985, -83.60598266601562, -83.60599151611328, -83.60598876953125, -83.60598815917969, -83.6059927368164, -83.60599487304688, -83.60599609375001, -83.60599395751953, -83.60598541259766, -83.60598236083985, -83.60598663330079, -83.60598754882812, -83.60599243164063, -83.60599060058594, -83.6059927368164, -83.60599609375001, -83.60599060058594, -83.60599090576171, -83.60598876953125, -83.60598205566406, -83.60597778320313, -83.60598327636718, -83.60598114013672, -83.60598083496095, -83.60598510742187, -83.60597900390626, -83.60598419189454, -83.60598571777344, -83.60597961425782, -83.60597564697265, -83.60597045898437, -83.60597045898437, -83.60596221923828, -83.60596405029297, -83.60597534179688, -83.60597686767578, -83.6059780883789, -83.60597778320313, -83.60598236083985, -83.60598388671875, -83.60597320556641, -83.60596862792968, -83.60597045898437, -83.60597076416016, -83.60597259521485, -83.60597534179688, -83.60597869873047, -83.60597778320313, -83.60597900390626, -83.60597534179688, -83.6059780883789, -83.6059848022461, -83.60598144531251, -83.60598205566406, -83.60598419189454, -83.60598449707031, -83.60598388671875, -83.60598510742187, -83.60597961425782, -83.60598114013672, -83.60598388671875, -83.60598876953125, -83.60599395751953, -83.60598724365235, -83.60598297119141, -83.60598052978516, -83.60598663330079, -83.60599517822266, -83.60599395751953, -83.60599304199219, -83.6059912109375, -83.60598724365235, -83.60598114013672, -83.60598449707031, -83.60597747802734, -83.60598144531251, -83.60598724365235, -83.60598022460938, -83.60598236083985, -83.60598602294922, -83.60597747802734, -83.6059765625, -83.60597473144531, -83.60597259521485, -83.60597564697265, -83.60598144531251, -83.60597412109375, -83.60597900390626, -83.60597351074219, -83.60597595214844, -83.60597106933594, -83.60597564697265, -83.60597625732422, -83.6059765625, -83.60597473144531, -83.60597534179688, -83.60597442626953, -83.60597229003906, -83.60597381591798, -83.60597503662109, -83.60598327636718, -83.60598114013672, -83.60598510742187, -83.6059799194336, -83.60597412109375, -83.60597045898437, -83.60597717285157, -83.60597869873047, -83.60598144531251, -83.60598266601562, -83.60598602294922, -83.60598846435548, -83.60598602294922, -83.60598907470704, -83.60598602294922, -83.60598388671875, -83.60597869873047, -83.60598022460938, -83.60598419189454, -83.60597381591798, -83.60598175048828, -83.60598022460938, -83.605986328125, -83.60599426269532, -83.60598571777344, -83.60598327636718, -83.60598205566406, -83.60598815917969, -83.605986328125, -83.60598602294922, -83.60598693847656, -83.60598022460938, -83.60598419189454, -83.60598571777344, -83.60598541259766, -83.60598693847656, -83.60598693847656, -83.60598968505859, -83.60598907470704, -83.6059848022461, -83.60598358154297, -83.60597686767578, -83.60597717285157, -83.60598602294922, -83.60597778320313, -83.60598510742187, -83.60597869873047, -83.60597625732422, -83.60597747802734, -83.60597625732422, -83.6059765625, -83.60598114013672, -83.60597747802734, -83.60597442626953, -83.60597778320313, -83.60597473144531, -83.60597137451173, -83.6059716796875, -83.60597229003906, -83.60596954345704, -83.60598144531251, -83.60597961425782, -83.60598602294922, -83.60598358154297, -83.60598663330079, -83.60598358154297, -83.60598175048828, -83.60598907470704, -83.60598236083985, -83.6059848022461, -83.6059912109375, -83.60599029541015, -83.60599243164063, -83.60598937988281, -83.60598663330079, -83.60598693847656, -83.60598999023438, -83.60599151611328, -83.60599212646484, -83.6059927368164, -83.60598266601562, -83.60598236083985, -83.60597625732422, -83.60598052978516, -83.60597717285157, -83.60598449707031, -83.60597625732422, -83.60598358154297, -83.6059799194336, -83.60598419189454, -83.60598175048828, -83.60597351074219, -83.60597564697265, -83.60597686767578, -83.60597869873047, -83.60598358154297, -83.60598083496095, -83.6059780883789, -83.60597045898437, -83.60597076416016, -83.60597717285157, -83.60597290039063, -83.60598205566406, -83.6059783935547, -83.60598266601562, -83.60598510742187, -83.60597747802734, -83.6059765625, -83.60597045898437, -83.60597137451173, -83.60598449707031, -83.60598297119141, -83.60599029541015, -83.60598663330079, -83.60598297119141, -83.60598083496095, -83.60598205566406, -83.60598754882812, -83.60599060058594, -83.60598602294922, -83.60598083496095, -83.60598358154297, -83.60598907470704, -83.60599060058594, -83.60598602294922, -83.60598937988281, -83.60598571777344, -83.60599182128907, -83.60599487304688, -83.60599182128907, -83.60599212646484, -83.60598815917969, -83.60598205566406, -83.60598571777344, -83.60598083496095, -83.60598785400391, -83.60598968505859, -83.60598815917969, -83.60598754882812, -83.6059848022461, -83.60598236083985, -83.60598144531251, -83.60598297119141, -83.60598266601562, -83.60598693847656, -83.60598541259766, -83.60598510742187, -83.60597381591798, -83.60597351074219, -83.60597930908203, -83.60597930908203, -83.60597717285157, -83.60597595214844, -83.6059780883789, -83.60597778320313, -83.6059765625, -83.6059780883789, -83.60597961425782, -83.60597320556641, -83.60598022460938, -83.60598449707031, -83.6059783935547, -83.60597686767578, -83.6059780883789, -83.6059765625, -83.60597900390626, -83.60598419189454, -83.60598754882812, -83.60598846435548, -83.60598541259766, -83.60597869873047, -83.60598236083985, -83.6059799194336, -83.60597320556641, -83.60598541259766, -83.60598175048828, -83.60598602294922, -83.60598907470704, -83.60599212646484, -83.6059912109375, -83.60598754882812, -83.6059848022461, -83.60598419189454, -83.60598052978516, -83.60598754882812, -83.60598510742187, -83.60598419189454, -83.6059780883789, -83.60598052978516, -83.60598175048828, -83.60598571777344, -83.60598907470704, -83.60598571777344, -83.60598815917969, -83.60599029541015, -83.60599151611328, -83.60598693847656, -83.60598327636718, -83.60597961425782, -83.60598754882812, -83.60598052978516, -83.60598754882812, -83.60599029541015, -83.60598663330079, -83.60598571777344, -83.60598999023438, -83.60598876953125, -83.60598541259766, -83.60598175048828, -83.60598388671875, -83.60598388671875, -83.60598510742187, -83.60598419189454, -83.60598114013672, -83.60597930908203, -83.6059765625, -83.60598205566406, -83.60598358154297, -83.60598419189454, -83.60598175048828, -83.60597442626953, -83.60597747802734, -83.60598175048828, -83.6059765625, -83.60597412109375, -83.60597412109375, -83.60597717285157, -83.60598358154297, -83.60598358154297, -83.60598419189454, -83.60598144531251, -83.60598419189454, -83.6059783935547, -83.60598388671875, -83.60598297119141, -83.605986328125, -83.60598663330079, -83.60599487304688, -83.60599182128907, -83.60598754882812, -83.605986328125, -83.60598327636718, -83.60598571777344, -83.60598510742187, -83.60598968505859, -83.60599334716797, -83.60599304199219, -83.60599304199219, -83.60599029541015, -83.60598907470704, -83.60598846435548, -83.60598968505859, -83.60598724365235, -83.60598266601562, -83.60597503662109, -83.60597869873047, -83.60597564697265, -83.60598266601562, -83.60598388671875, -83.60597869873047, -83.60597869873047, -83.60598022460938, -83.60598266601562, -83.6059765625, -83.60597259521485, -83.60597595214844, -83.60597564697265, -83.60596893310547, -83.60597412109375, -83.60597930908203, -83.6059848022461, -83.60598937988281, -83.60598724365235, -83.60598937988281, -83.60598266601562, -83.60598114013672, -83.60598571777344, -83.60598937988281, -83.60600006103516, -83.60599914550781, -83.60599670410157, -83.60598937988281, -83.60599151611328, -83.60598968505859, -83.60599578857422, -83.60599609375001, -83.60599670410157, -83.6059912109375, -83.60598815917969, -83.60598724365235, -83.60598449707031, -83.60598785400391, -83.60598907470704, -83.60599151611328, -83.60599060058594, -83.60599182128907, -83.60598724365235, -83.60598266601562, -83.60598144531251, -83.60598449707031, -83.60598785400391, -83.60598693847656, -83.60598052978516, -83.60597869873047, -83.60597900390626, -83.60597686767578, -83.60597534179688, -83.60598144531251, -83.60598052978516, -83.60598144531251, -83.60598937988281, -83.60598785400391, -83.60599060058594, -83.60598083496095, -83.6059783935547, -83.60597259521485, -83.60598083496095, -83.60598205566406, -83.60598571777344, -83.60598999023438, -83.60599426269532, -83.6059945678711, -83.60598968505859, -83.60597930908203, -83.60597869873047, -83.60597900390626, -83.605986328125, -83.60598876953125, -83.60598846435548, -83.60598541259766, -83.60598602294922, -83.6059848022461, -83.60598266601562, -83.60598297119141, -83.60598846435548, -83.60598571777344, -83.60598663330079, -83.6059848022461, -83.60597961425782, -83.60598114013672, -83.60598541259766, -83.60598205566406, -83.60598663330079, -83.60598327636718, -83.6059848022461, -83.60598114013672, -83.60598358154297, -83.60598358154297, -83.60598449707031, -83.60598724365235, -83.60598724365235, -83.60598907470704, -83.60598785400391, -83.60598449707031, -83.60598510742187, -83.60598876953125, -83.60598144531251, -83.60598175048828, -83.60598449707031, -83.60598419189454, -83.60598663330079, -83.60599304199219, -83.60599060058594, -83.60599670410157, -83.60598846435548, -83.60598937988281, -83.60598785400391, -83.60598846435548, -83.60598724365235, -83.60598236083985, -83.60598297119141, -83.60598297119141, -83.60598571777344, -83.60598846435548, -83.60598175048828, -83.60598022460938, -83.60598175048828, -83.60598175048828, -83.60597930908203, -83.60597778320313, -83.60597503662109, -83.60597747802734, -83.60598358154297, -83.60598358154297, -83.60598388671875, -83.60598266601562, -83.60598510742187, -83.60598175048828, -83.60598876953125, -83.60598510742187, -83.60598388671875, -83.60598236083985, -83.60598236083985, -83.60598205566406, -83.60598815917969, -83.60598785400391, -83.60599700927735, -83.60599243164063, -83.60599304199219, -83.60599670410157, -83.6059945678711, -83.60599487304688, -83.60599609375001, -83.60599426269532, -83.60598785400391, -83.60598876953125, -83.60598663330079, -83.60597778320313, -83.60598297119141, -83.60598724365235, -83.60599700927735, -83.60599700927735, -83.60599761962891, -83.60598999023438, -83.60598449707031, -83.6059848022461, -83.60598114013672, -83.60598510742187, -83.60598327636718, -83.6059799194336, -83.60598022460938, -83.60598205566406, -83.6059848022461, -83.60598022460938, -83.6059848022461, -83.60598846435548, -83.60598602294922, -83.60598327636718, -83.60597961425782, -83.60598052978516, -83.60598388671875, -83.60597686767578, -83.60597717285157, -83.60598175048828, -83.60598693847656, -83.60598358154297, -83.60598358154297, -83.60598266601562, -83.60598571777344, -83.60598083496095, -83.60598693847656, -83.60597930908203, -83.60598693847656, -83.60599365234376, -83.60598785400391, -83.60599151611328, -83.60598999023438, -83.60598266601562, -83.60598022460938, -83.60598144531251, -83.605986328125, -83.60598693847656, -83.60598968505859, -83.60598968505859, -83.60599182128907, -83.6059945678711, -83.60598724365235, -83.60598266601562, -83.60598602294922, -83.60598907470704, -83.60598937988281, -83.60598846435548, -83.605986328125, -83.60598205566406, -83.60598510742187, -83.6059945678711, -83.60599395751953, -83.6059945678711, -83.60599609375001, -83.60598907470704, -83.60597625732422, -83.60598114013672, -83.60597961425782, -83.60597717285157, -83.60598693847656, -83.60598266601562, -83.60598510742187, -83.60598602294922, -83.60598815917969, -83.60598602294922, -83.60598175048828, -83.60597961425782, -83.60597534179688, -83.60598083496095, -83.60597869873047, -83.60597747802734, -83.60598724365235, -83.60598754882812, -83.60598449707031, -83.60598602294922, -83.60598663330079, -83.60598236083985, -83.60598388671875, -83.60598693847656, -83.60598510742187, -83.60598968505859, -83.60599029541015, -83.60599060058594, -83.60599670410157, -83.60598693847656, -83.60598663330079, -83.60598693847656, -83.6059912109375, -83.60598815917969, -83.60599243164063, -83.60599975585937, -83.6059927368164, -83.6059927368164, -83.60598785400391, -83.60598419189454, -83.60598968505859, -83.6059912109375, -83.60599426269532, -83.6059945678711, -83.60598846435548, -83.60598968505859, -83.6059848022461, -83.60599212646484, -83.60598968505859, -83.60599060058594, -83.60598205566406, -83.60598663330079, -83.605986328125, -83.60598754882812, -83.60598327636718, -83.60598236083985, -83.60598327636718, -83.60599090576171, -83.605986328125, -83.60598815917969, -83.605986328125, -83.60598266601562, -83.60597686767578, -83.60598022460938, -83.60597900390626, -83.60598785400391, -83.60599334716797, -83.60599182128907, -83.60598968505859, -83.60598510742187, -83.60597686767578, -83.60597686767578, -83.60597503662109, -83.60597625732422, -83.6059848022461, -83.60598510742187, -83.60598358154297, -83.6059783935547, -83.60597900390626, -83.60598358154297, -83.60598663330079, -83.60598999023438, -83.60598541259766, -83.60599060058594, -83.60598999023438, -83.60599060058594, -83.60599090576171, -83.605986328125, -83.605986328125, -83.60599304199219, -83.60600036621094, -83.60600006103516, -83.60600769042969, -83.60599487304688, -83.60599487304688, -83.60599670410157, -83.60599548339844, -83.60599670410157, -83.60599639892578, -83.60599578857422, -83.60599426269532, -83.60599151611328, -83.60598937988281, -83.60598937988281, -83.60598327636718, -83.60598205566406, -83.60599151611328, -83.60598754882812, -83.60598754882812, -83.60598419189454, -83.60597869873047, -83.60597717285157, -83.60597320556641, -83.60597381591798, -83.60597473144531, -83.60596954345704, -83.60596649169922, -83.60597290039063, -83.6059701538086, -83.60597473144531, -83.60597320556641, -83.60597778320313, -83.60597503662109, -83.60597930908203, -83.6059765625, -83.60598052978516, -83.60598083496095, -83.60597229003906, -83.60597320556641, -83.60598449707031, -83.60598876953125, -83.60599304199219, -83.60599487304688, -83.60599700927735, -83.60599487304688, -83.6059945678711, -83.605986328125, -83.60598968505859, -83.60599060058594, -83.60599365234376, -83.6059994506836, -83.606005859375, -83.60600128173829, -83.60600402832031, -83.60599853515625, -83.60599548339844, -83.60599914550781, -83.60600372314454, -83.60599822998047, -83.60599822998047, -83.60599975585937, -83.6059994506836, -83.60599304199219, -83.60598846435548, -83.60598846435548, -83.60599151611328, -83.60599426269532, -83.6059945678711, -83.60599060058594, -83.6059912109375, -83.6059848022461, -83.60598449707031, -83.60598144531251, -83.60598510742187, -83.60598602294922, -83.60598571777344, -83.60597930908203, -83.60597412109375, -83.6059783935547, -83.60598114013672, -83.60598114013672, -83.60597625732422, -83.6059780883789, -83.60598388671875, -83.60598449707031, -83.60597564697265, -83.60597259521485, -83.60597534179688, -83.60597412109375, -83.6059780883789, -83.60598144531251, -83.60598144531251, -83.60598266601562, -83.6059848022461, -83.60599212646484, -83.60599304199219, -83.60599517822266, -83.60598571777344, -83.60598358154297, -83.60597717285157, -83.60598449707031, -83.60598876953125, -83.60599212646484, -83.60598907470704, -83.6059912109375, -83.6059945678711, -83.6059945678711, -83.60599884033203, -83.60599365234376, -83.60599426269532, -83.60599182128907, -83.60599243164063, -83.60599182128907, -83.60598754882812, -83.60599182128907, -83.60599243164063, -83.60599761962891, -83.60600128173829, -83.60599914550781, -83.60599212646484, -83.60598754882812, -83.60598510742187, -83.605986328125, -83.60598999023438, -83.60598907470704, -83.60598724365235, -83.60599182128907, -83.605986328125, -83.6059848022461, -83.60598571777344, -83.60598144531251, -83.60598297119141, -83.60598144531251, -83.60598419189454, -83.60598846435548, -83.60598785400391, -83.6059848022461, -83.60598236083985, -83.60597778320313, -83.60597442626953, -83.60598571777344, -83.60598571777344, -83.60598052978516, -83.60598266601562, -83.60598205566406, -83.60598846435548, -83.605986328125, -83.60599029541015, -83.60598571777344, -83.60598144531251, -83.6059927368164, -83.6059912109375, -83.6059927368164, -83.60599182128907, -83.6059912109375, -83.60598297119141, -83.60598937988281, -83.60599365234376, -83.60599548339844, -83.60599731445312, -83.6059945678711, -83.60599670410157, -83.60599884033203, -83.60599578857422, -83.60598846435548, -83.60598815917969, -83.6059912109375, -83.60599334716797, -83.6059927368164, -83.60599060058594, -83.60598419189454, -83.6059848022461, -83.60598754882812, -83.60598205566406, -83.60598541259766, -83.60598693847656, -83.60598724365235, -83.60598571777344, -83.60598358154297, -83.60598205566406, -83.60598022460938, -83.60597930908203, -83.60598175048828, -83.60598541259766, -83.60598205566406, -83.60598999023438, -83.60598419189454, -83.60597595214844, -83.60598205566406, -83.60598449707031, -83.60598358154297, -83.60598205566406, -83.60598144531251, -83.60597869873047, -83.60598937988281, -83.60598571777344, -83.60599304199219, -83.60599151611328, -83.60599151611328, -83.60598754882812, -83.60598999023438, -83.60598602294922, -83.60598724365235, -83.60599212646484, -83.60599578857422, -83.60599182128907, -83.60599670410157, -83.60599761962891, -83.60599365234376, -83.60599761962891, -83.60600189208985, -83.60599151611328, -83.60599548339844, -83.60599365234376, -83.60599365234376, -83.60599060058594, -83.6060009765625, -83.60599243164063, -83.60599426269532, -83.60598876953125, -83.60598785400391, -83.60598846435548, -83.60598937988281, -83.60598693847656, -83.60598419189454, -83.60598205566406, -83.60598175048828, -83.60598510742187, -83.60598937988281, -83.60598297119141, -83.60597961425782, -83.60597900390626, -83.60597442626953, -83.60598541259766, -83.6059780883789, -83.6059780883789, -83.60598266601562, -83.60597564697265, -83.6059765625, -83.60597717285157, -83.60598083496095, -83.60598388671875, -83.60598175048828, -83.60598236083985, -83.6059848022461, -83.60597869873047, -83.60598358154297, -83.60598083496095, -83.60598205566406, -83.6059848022461, -83.60599334716797, -83.60599731445312, -83.60599700927735, -83.60599334716797, -83.6059945678711, -83.60599151611328, -83.6059927368164, -83.60599060058594, -83.60599487304688, -83.60599548339844, -83.60599822998047, -83.60600067138672, -83.60600067138672, -83.60599853515625, -83.60600311279298, -83.60599639892578, -83.60599914550781, -83.60599517822266, -83.60598999023438, -83.60599426269532, -83.60599700927735, -83.60598846435548, -83.60598968505859, -83.605986328125, -83.6059783935547, -83.6059848022461, -83.60598297119141, -83.60598175048828, -83.60598937988281, -83.60598175048828, -83.60597930908203, -83.60597442626953, -83.60598052978516, -83.60598327636718, -83.60598144531251, -83.60598236083985, -83.60598205566406, -83.60597900390626, -83.60598297119141, -83.60598602294922, -83.60598602294922, -83.60598846435548, -83.60598510742187, -83.60598846435548, -83.60598785400391, -83.60598693847656, -83.60598388671875, -83.60598175048828, -83.60598754882812, -83.6059912109375, -83.60598968505859, -83.60598907470704, -83.60598724365235, -83.60598358154297, -83.60599029541015, -83.60598602294922, -83.60598236083985, -83.60599334716797, -83.60599029541015, -83.60598510742187, -83.60599243164063, -83.6059927368164, -83.60598999023438, -83.60599365234376, -83.60599182128907, -83.60598419189454, -83.60599212646484, -83.60599090576171, -83.60598937988281, -83.60599090576171, -83.60598724365235, -83.60598754882812, -83.60598876953125, -83.60598571777344, -83.60598663330079, -83.60599426269532, -83.60599395751953, -83.60599090576171, -83.605986328125, -83.60598571777344, -83.60598388671875, -83.60599090576171, -83.60598419189454, -83.605986328125, -83.6059848022461, -83.60598327636718, -83.60598266601562, -83.60598724365235, -83.60598083496095, -83.60598297119141, -83.60598602294922, -83.60598968505859, -83.60599212646484, -83.60599090576171, -83.60599090576171, -83.60599426269532, -83.605986328125, -83.60597900390626, -83.60598205566406, -83.60598358154297, -83.60599182128907, -83.60599670410157, -83.60599914550781, -83.60599243164063, -83.60599487304688, -83.60598175048828, -83.60598510742187, -83.60598388671875, -83.605986328125, -83.60598571777344, -83.60597686767578, -83.60597686767578, -83.60597595214844, -83.60597747802734, -83.60598449707031, -83.60598449707031, -83.60598968505859, -83.60598510742187, -83.60598815917969, -83.60598571777344, -83.60598114013672, -83.60597869873047, -83.60597259521485, -83.60597412109375, -83.60598754882812, -83.60598510742187, -83.60598724365235, -83.60598937988281, -83.60598876953125, -83.60598754882812, -83.60598724365235, -83.60598754882812, -83.60598754882812, -83.60599151611328, -83.60599151611328, -83.60598876953125, -83.60599182128907, -83.605986328125, -83.6059927368164, -83.60599029541015, -83.60599334716797, -83.6059912109375, -83.60598785400391, -83.60599212646484, -83.60599914550781, -83.60598968505859, -83.60598846435548, -83.60598541259766, -83.60598205566406, -83.60597961425782, -83.6059848022461, -83.60598449707031, -83.60598358154297, -83.60598449707031, -83.60598937988281, -83.60598876953125, -83.6059945678711, -83.60598968505859, -83.6059912109375, -83.60598571777344, -83.6059848022461, -83.60598876953125, -83.6059848022461, -83.60598449707031, -83.60598785400391, -83.60598358154297, -83.605986328125, -83.60598999023438, -83.6059912109375, -83.6059945678711, -83.60599578857422, -83.60598541259766, -83.60598602294922, -83.605986328125, -83.60597869873047, -83.6059848022461, -83.605986328125, -83.60598693847656, -83.60598663330079, -83.60598907470704, -83.60598022460938, -83.60598144531251, -83.60598388671875, -83.605986328125, -83.60598754882812, -83.60598999023438, -83.6059848022461, -83.60597747802734, -83.60597686767578, -83.60598297119141, -83.60598175048828, -83.60598724365235, -83.60598968505859, -83.60599060058594, -83.60599548339844, -83.60598785400391, -83.60598724365235, -83.60598693847656, -83.60598937988281, -83.60599395751953, -83.60600006103516, -83.60599609375001, -83.6059945678711, -83.60599151611328, -83.60599090576171, -83.60599090576171, -83.6059945678711, -83.60599548339844, -83.6059927368164, -83.60598693847656, -83.60598846435548, -83.60598602294922, -83.60598327636718, -83.60598052978516, -83.60598175048828, -83.60597961425782, -83.60598449707031, -83.60598266601562, -83.60598266601562, -83.60598388671875, -83.60598510742187, -83.6059783935547, -83.60598114013672, -83.60597717285157, -83.60597900390626, -83.605986328125, -83.60598083496095, -83.60598510742187, -83.60597869873047, -83.605986328125, -83.60598083496095, -83.60598175048828, -83.60598724365235, -83.60599060058594, -83.6059912109375, -83.60599243164063, -83.60599090576171, -83.60598785400391, -83.60598937988281, -83.60599365234376, -83.60599487304688, -83.60600158691406, -83.60600280761719, -83.60600036621094, -83.60599884033203, -83.60599761962891, -83.60599334716797, -83.60599426269532, -83.6059912109375, -83.60598602294922, -83.60598999023438, -83.60598999023438, -83.60598846435548, -83.60598327636718, -83.60597900390626, -83.60598388671875, -83.605986328125, -83.60598846435548, -83.6059912109375, -83.60598724365235, -83.60597930908203, -83.60597900390626, -83.60598114013672, -83.6059783935547, -83.60597442626953, -83.60597961425782, -83.60597503662109, -83.6059765625, -83.6059799194336, -83.60598754882812, -83.60598388671875, -83.6059848022461, -83.6059799194336, -83.60598022460938, -83.60598358154297, -83.60598510742187, -83.60598358154297, -83.6059848022461, -83.60597717285157, -83.60598052978516, -83.60598754882812, -83.60598724365235, -83.6060043334961, -83.60600250244141, -83.60600006103516, -83.60599426269532, -83.60598754882812, -83.60598022460938, -83.60598846435548, -83.60598724365235, -83.60599822998047, -83.6059994506836, -83.60599853515625, -83.60599548339844, -83.60599090576171, -83.60599731445312, -83.60599243164063, -83.60598693847656, -83.60598693847656, -83.6059848022461, -83.60598876953125, -83.60599731445312, -83.60599060058594, -83.60598785400391, -83.60598907470704, -83.60598968505859, -83.60598724365235, -83.60598754882812, -83.60599060058594, -83.6059912109375, -83.60598937988281, -83.60598297119141, -83.60598449707031, -83.60598785400391, -83.6059848022461, -83.60598236083985, -83.60598724365235, -83.6059848022461, -83.605986328125, -83.60598785400391, -83.60598236083985, -83.60598297119141, -83.60598693847656, -83.60598419189454, -83.60599060058594, -83.60598876953125, -83.60598358154297, -83.605986328125, -83.60598510742187, -83.60598205566406, -83.60597717285157, -83.60597229003906, -83.60598114013672, -83.6059783935547, -83.60598876953125, -83.60599060058594, -83.6059848022461, -83.60598358154297, -83.60598114013672, -83.60598052978516, -83.6059912109375, -83.60598388671875, -83.60598785400391, -83.60598602294922, -83.60598724365235, -83.60598907470704, -83.60599090576171, -83.60598541259766, -83.60598785400391, -83.60599639892578, -83.60599334716797, -83.60599639892578, -83.60599212646484, -83.60599334716797, -83.60598297119141, -83.60598663330079, -83.60599426269532, -83.60600067138672, -83.60600219726562, -83.6059912109375, -83.60598815917969, -83.60598968505859, -83.6059912109375, -83.60598999023438, -83.60598815917969, -83.60598510742187, -83.60598907470704, -83.60598907470704, -83.605986328125, -83.6059912109375, -83.605986328125, -83.60598052978516, -83.60598663330079, -83.60598358154297, -83.60598754882812, -83.60598052978516, -83.60597869873047, -83.60598205566406, -83.60598327636718, -83.60597869873047, -83.60597869873047, -83.60597625732422, -83.60598419189454, -83.6059780883789, -83.60598602294922, -83.60598724365235, -83.60598724365235, -83.60598297119141, -83.60598144531251, -83.60598510742187, -83.60598937988281, -83.60599853515625, -83.60599060058594, -83.60599304199219, -83.60599182128907, -83.60599212646484, -83.60599670410157, -83.60599731445312, -83.60599884033203, -83.60600128173829, -83.60600189208985, -83.60600128173829, -83.60600524902344, -83.60599822998047, -83.60599395751953, -83.60599731445312, -83.60599182128907, -83.60600036621094, -83.60600006103516, -83.6059945678711, -83.60598968505859, -83.60598999023438, -83.60598693847656, -83.60598541259766, -83.60598205566406, -83.60597900390626, -83.60598144531251, -83.60598114013672, -83.60598236083985, -83.60598175048828, -83.60597442626953, -83.6059716796875, -83.60597717285157, -83.60597869873047, -83.60598327636718, -83.60598175048828, -83.6059765625, -83.60597778320313, -83.6059799194336, -83.60597625732422, -83.6059783935547, -83.60597564697265, -83.60598541259766, -83.60598541259766, -83.60598358154297, -83.60598693847656, -83.60598846435548, -83.6059848022461, -83.60598785400391, -83.60598968505859, -83.60599639892578, -83.60600158691406, -83.60599151611328, -83.60598785400391, -83.60598846435548, -83.60600036621094, -83.60599426269532, -83.60599731445312, -83.6059945678711, -83.60599822998047, -83.60600219726562, -83.60599700927735, -83.60599700927735, -83.60599304199219, -83.60598815917969, -83.60598663330079, -83.60599182128907, -83.60598663330079, -83.60598754882812, -83.60598052978516, -83.60598022460938, -83.6059848022461, -83.6059848022461, -83.60598388671875, -83.60598724365235, -83.6059799194336, -83.60597442626953, -83.60597625732422, -83.60597534179688, -83.60598052978516, -83.60597625732422, -83.60597259521485, -83.60597595214844, -83.60597869873047, -83.60598114013672, -83.60598297119141, -83.60598205566406, -83.60598388671875, -83.60598266601562, -83.60598236083985, -83.60597564697265, -83.60598022460938, -83.60597259521485, -83.60598724365235, -83.60599426269532, -83.60599365234376, -83.60599487304688, -83.60599304199219, -83.60598937988281, -83.60599578857422, -83.60600280761719, -83.60599975585937, -83.60599792480468, -83.6059912109375, -83.60599182128907, -83.60599670410157, -83.60599731445312, -83.60599517822266, -83.60599304199219, -83.60600036621094, -83.60600372314454, -83.60600402832031, -83.60600189208985, -83.60599365234376, -83.60599182128907, -83.60599182128907, -83.60599609375001, -83.6059912109375, -83.60599578857422, -83.60599182128907, -83.6059912109375, -83.60598663330079, -83.60598999023438, -83.60598419189454, -83.60598083496095, -83.60597778320313, -83.60598022460938, -83.60598114013672, -83.60598388671875, -83.60597686767578, -83.60598144531251, -83.60597442626953, -83.60597564697265, -83.60598724365235, -83.60598175048828, -83.60598388671875, -83.60598236083985, -83.60598358154297, -83.60598052978516, -83.60597961425782, -83.60597686767578, -83.60598083496095, -83.60598449707031, -83.60598937988281, -83.605986328125, -83.60598693847656, -83.60598419189454, -83.60597930908203, -83.60598236083985, -83.60598388671875, -83.60599365234376, -83.60599517822266, -83.60598663330079, -83.60599975585937, -83.60599700927735, -83.60599731445312, -83.6059912109375, -83.60598815917969, -83.6059848022461, -83.60598846435548, -83.60598602294922, -83.60600036621094, -83.60599639892578, -83.6059912109375, -83.60598907470704, -83.60598999023438, -83.60599365234376, -83.60598968505859, -83.60599029541015, -83.60598968505859, -83.60598876953125, -83.60599243164063, -83.60599182128907, -83.60599609375001, -83.60599487304688, -83.60599700927735, -83.6059912109375, -83.60598785400391, -83.60599151611328, -83.60598236083985, -83.60597869873047, -83.60598175048828, -83.60598114013672, -83.60598144531251, -83.60598571777344, -83.60598419189454, -83.60598236083985, -83.60598602294922, -83.605986328125, -83.60598785400391, -83.60598022460938, -83.60598022460938, -83.60597778320313, -83.60598358154297, -83.60597869873047, -83.60598571777344, -83.60598693847656, -83.60598541259766, -83.60598144531251, -83.60598388671875, -83.60597595214844, -83.6059783935547, -83.60598236083985, -83.6059912109375, -83.60599060058594, -83.60598937988281, -83.605986328125, -83.60598083496095, -83.60598388671875, -83.60598327636718, -83.60598510742187, -83.60599304199219, -83.60598785400391, -83.60598815917969, -83.60598693847656, -83.60598602294922, -83.60598999023438, -83.60599029541015, -83.60598663330079, -83.6059945678711, -83.60599243164063, -83.60598999023438, -83.60598907470704, -83.60597961425782, -83.60598693847656, -83.60598876953125, -83.60598907470704, -83.60599731445312, -83.60599182128907, -83.60598815917969, -83.60598602294922, -83.60598114013672, -83.60598052978516, -83.60598083496095, -83.60598144531251, -83.60598327636718, -83.60598205566406, -83.60598693847656, -83.60598571777344, -83.60598846435548, -83.60598449707031, -83.60598754882812, -83.60598876953125, -83.60598602294922, -83.60598846435548, -83.60598602294922, -83.60598449707031, -83.60598358154297, -83.60598297119141, -83.60598541259766, -83.60599060058594, -83.60598876953125, -83.60598785400391, -83.60599029541015, -83.60598907470704, -83.6059927368164, -83.60598541259766, -83.60598724365235, -83.60598266601562, -83.60599304199219, -83.60599304199219, -83.60599578857422, -83.60599731445312, -83.60599426269532, -83.60599090576171, -83.60599182128907, -83.60599517822266, -83.60599609375001, -83.6059927368164, -83.60599243164063, -83.60599029541015, -83.60598876953125, -83.605986328125, -83.60598602294922, -83.60598358154297, -83.60598693847656, -83.60598968505859, -83.60598968505859, -83.60598907470704, -83.60599243164063, -83.60598449707031, -83.60598022460938, -83.6059848022461, -83.60598297119141, -83.60598510742187, -83.60598541259766, -83.60598571777344, -83.60598419189454, -83.60598266601562, -83.60598327636718, -83.60598236083985, -83.60597869873047, -83.60598205566406, -83.605986328125, -83.60598754882812, -83.60598571777344, -83.60598144531251, -83.60598114013672, -83.60598419189454, -83.60598175048828, -83.60598663330079, -83.60598602294922, -83.60598571777344, -83.60598541259766, -83.60598724365235, -83.60598754882812, -83.60598968505859, -83.60598571777344, -83.60598388671875, -83.60598388671875, -83.6059912109375, -83.60598510742187, -83.60599151611328, -83.60598266601562, -83.60598541259766, -83.60598175048828, -83.60598663330079, -83.60598724365235, -83.60598663330079, -83.60598754882812, -83.60598846435548, -83.60599090576171, -83.60599151611328, -83.60598846435548, -83.6059848022461, -83.60598968505859, -83.60599395751953, -83.60600219726562, -83.6059945678711, -83.60599517822266, -83.60598754882812, -83.60598815917969, -83.60598815917969, -83.60598846435548, -83.60599365234376, -83.60598907470704, -83.60599304199219, -83.60599700927735, -83.60598937988281, -83.60599182128907, -83.60599029541015, -83.60598968505859, -83.60598846435548, -83.60599395751953, -83.60598663330079, -83.60598419189454, -83.60598052978516, -83.60598297119141, -83.60597473144531, -83.60597381591798, -83.60597900390626, -83.60598297119141, -83.60598815917969, -83.60598663330079, -83.60599243164063, -83.60598205566406, -83.60597747802734, -83.60597381591798, -83.60596740722656, -83.60597229003906, -83.60597900390626, -83.60598144531251, -83.60598022460938, -83.60598052978516, -83.60598205566406, -83.6059799194336, -83.60598449707031, -83.60599029541015, -83.60598968505859, -83.60598907470704, -83.60598236083985, -83.60599334716797, -83.60598815917969, -83.60598449707031, -83.60598449707031, -83.6059848022461, -83.60599334716797, -83.60599426269532, -83.60599243164063, -83.60599639892578, -83.60599822998047, -83.60599334716797, -83.60599578857422, -83.60599761962891, -83.60599578857422, -83.60600036621094, -83.60599487304688, -83.6060009765625, -83.60599395751953, -83.60598907470704, -83.60599304199219, -83.60599365234376, -83.60598785400391, -83.60600006103516, -83.60599517822266, -83.60599700927735, -83.60598449707031, -83.60597900390626, -83.60597686767578, -83.60598419189454, -83.6059848022461, -83.60598052978516, -83.60598052978516, -83.60597930908203, -83.60598144531251, -83.60598022460938, -83.60597900390626, -83.60597869873047, -83.60597717285157, -83.60597900390626, -83.60598602294922, -83.60597930908203, -83.60598114013672, -83.60597930908203, -83.6059783935547, -83.60597747802734, -83.60598205566406, -83.6059848022461, -83.60599182128907, -83.60599395751953, -83.60599243164063, -83.60599029541015, -83.60598815917969, -83.60598419189454, -83.60598999023438, -83.60598846435548, -83.60599548339844, -83.60599212646484, -83.60598876953125, -83.60599090576171, -83.60598999023438, -83.6059927368164, -83.6059912109375, -83.60599395751953, -83.60599182128907, -83.60599090576171, -83.60599060058594, -83.60598602294922, -83.6059799194336, -83.60598052978516, -83.60598327636718, -83.60598175048828, -83.6059848022461, -83.60598937988281, -83.605986328125, -83.60598571777344, -83.60598510742187, -83.60598297119141, -83.60598388671875, -83.60598510742187, -83.60598144531251, -83.60598388671875, -83.60597686767578, -83.60598114013672, -83.60598968505859, -83.60599487304688, -83.60598785400391, -83.60599090576171, -83.6059912109375, -83.60598999023438, -83.6059912109375, -83.60598541259766, -83.605986328125, -83.60598236083985, -83.6059848022461, -83.60598663330079, -83.60598297119141, -83.60598968505859, -83.60599426269532, -83.60599182128907, -83.60598785400391, -83.60598571777344, -83.60598266601562, -83.60598297119141, -83.60598571777344, -83.60598541259766, -83.60599212646484, -83.60599182128907, -83.6059927368164, -83.60598602294922, -83.6059799194336, -83.60598297119141, -83.60597686767578, -83.60598205566406, -83.60598236083985, -83.60598724365235, -83.60598419189454, -83.60599029541015, -83.60598785400391, -83.60598724365235, -83.60598449707031, -83.60598052978516, -83.60598907470704, -83.60598693847656, -83.60598663330079, -83.6059912109375, -83.60598815917969, -83.60598449707031, -83.60599151611328, -83.60598602294922, -83.60598205566406, -83.60599700927735, -83.60598815917969, -83.60598693847656, -83.60598937988281, -83.60598114013672, -83.60598602294922, -83.60598693847656, -83.60598449707031, -83.60599060058594, -83.60598602294922, -83.60598815917969, -83.60598999023438, -83.60598327636718, -83.60598602294922, -83.60598236083985, -83.60598083496095, -83.60598663330079, -83.60598602294922, -83.60598175048828, -83.60598358154297, -83.60598999023438, -83.60598815917969, -83.60599029541015, -83.60599090576171, -83.60598388671875, -83.60598907470704, -83.60599487304688, -83.60599090576171, -83.6059912109375, -83.60598510742187, -83.60598693847656, -83.60598266601562, -83.60598510742187, -83.60599090576171, -83.60598907470704, -83.60599060058594, -83.60598937988281, -83.60598449707031, -83.60598846435548, -83.60598602294922, -83.60598358154297, -83.60598693847656, -83.60598510742187, -83.60598815917969, -83.60598785400391, -83.60598571777344, -83.60598022460938, -83.60598602294922, -83.6059848022461, -83.60598602294922, -83.60598602294922, -83.60598876953125, -83.60598236083985, -83.60598205566406, -83.6059765625, -83.60597961425782, -83.60597778320313, -83.60598052978516, -83.60598876953125, -83.60598693847656, -83.60598999023438, -83.60598815917969, -83.60598693847656, -83.60598175048828, -83.6059783935547, -83.60598205566406, -83.6059799194336, -83.60598571777344, -83.6059780883789, -83.60598266601562, -83.60598327636718, -83.60599029541015, -83.60598510742187, -83.60598724365235, -83.60598663330079, -83.60598876953125, -83.60598999023438, -83.60599609375001, -83.60598937988281, -83.60598510742187, -83.6059848022461, -83.60598663330079, -83.60598999023438, -83.60599365234376, -83.60599609375001, -83.60599761962891, -83.60599517822266, -83.60599090576171, -83.60599426269532, -83.60599060058594, -83.60598663330079, -83.60598815917969, -83.60599090576171, -83.60599212646484, -83.60599029541015, -83.60598663330079, -83.60598205566406, -83.60598510742187, -83.60598602294922, -83.60598663330079, -83.60599151611328, -83.60599151611328, -83.60598297119141, -83.60598266601562, -83.60597869873047, -83.60597625732422, -83.60598052978516, -83.60598052978516, -83.60598052978516, -83.60598663330079, -83.6059848022461, -83.60598205566406, -83.60598144531251, -83.60598175048828, -83.60598693847656]

----------------------------------------
