Signal Data Log
========================================

Signal: Fault Bit Toggled
Data Points: 2000
Values: [0, 0, 0, 0, 0, 0, 0, 0, 0, 0, 1, 1, 1, 1, 1, 1, 1, 1, 1, 1, 1, 1, 1, 1, 1, 1, 1, 1, 1, 1, 1, 1, 1, 1, 1, 1, 1, 1, 1, 1, 1, 1, 1, 1, 1, 1, 1, 1, 1, 1, 1, 1, 1, 1, 1, 1, 1, 1, 1, 1, 1, 1, 1, 1, 1, 1, 1, 1, 1, 1, 1, 1, 1, 1, 1, 1, 1, 1, 1, 1, 1, 1, 1, 1, 1, 1, 1, 1, 1, 1, 1, 1, 1, 1, 1, 1, 1, 1, 1, 1, 1, 1, 1, 1, 1, 1, 1, 1, 1, 1, 1, 1, 1, 1, 1, 1, 1, 1, 1, 1, 1, 1, 1, 1, 1, 1, 1, 1, 1, 1, 1, 1, 1, 1, 1, 1, 1, 1, 1, 1, 1, 1, 1, 1, 1, 1, 1, 1, 1, 1, 1, 1, 1, 1, 1, 1, 1, 1, 1, 1, 1, 1, 1, 1, 1, 1, 1, 1, 1, 1, 1, 1, 1, 1, 1, 1, 1, 1, 1, 1, 1, 1, 1, 1, 1, 1, 1, 1, 1, 1, 1, 1, 1, 1, 1, 1, 1, 1, 1, 1, 1, 1, 1, 1, 1, 1, 1, 1, 1, 1, 1, 1, 1, 1, 1, 1, 1, 1, 1, 1, 1, 1, 1, 1, 1, 1, 1, 1, 1, 1, 1, 1, 1, 1, 1, 1, 1, 1, 1, 1, 1, 1, 1, 1, 1, 1, 1, 1, 1, 1, 1, 1, 1, 1, 1, 1, 1, 1, 1, 1, 1, 1, 1, 1, 1, 1, 1, 1, 1, 1, 1, 1, 1, 1, 1, 1, 1, 1, 1, 1, 1, 1, 1, 1, 1, 1, 1, 1, 1, 1, 1, 1, 1, 1, 1, 1, 1, 1, 1, 1, 1, 1, 1, 1, 1, 1, 1, 1, 1, 1, 1, 1, 1, 1, 1, 1, 1, 1, 1, 1, 1, 1, 1, 1, 1, 1, 1, 1, 1, 1, 1, 1, 1, 1, 1, 1, 1, 1, 1, 1, 1, 1, 1, 1, 1, 1, 1, 1, 1, 1, 1, 1, 1, 1, 1, 1, 1, 1, 1, 1, 1, 1, 1, 1, 1, 1, 1, 1, 1, 1, 1, 1, 1, 1, 1, 1, 1, 1, 1, 1, 1, 1, 1, 1, 1, 1, 1, 1, 1, 1, 1, 1, 1, 1, 1, 1, 1, 1, 1, 1, 1, 1, 1, 1, 1, 1, 1, 1, 1, 1, 1, 1, 1, 1, 1, 1, 1, 1, 1, 1, 1, 1, 1, 1, 1, 1, 1, 1, 1, 1, 1, 1, 1, 1, 1, 1, 1, 1, 1, 1, 1, 1, 1, 1, 1, 1, 1, 1, 1, 1, 1, 1, 1, 1, 1, 1, 1, 1, 1, 1, 1, 1, 1, 1, 1, 1, 1, 1, 1, 1, 1, 1, 1, 1, 1, 1, 1, 1, 1, 1, 1, 1, 1, 1, 1, 1, 1, 1, 1, 1, 1, 1, 1, 1, 1, 1, 1, 1, 1, 1, 1, 1, 1, 1, 1, 1, 1, 1, 1, 1, 1, 1, 1, 1, 1, 1, 1, 1, 1, 1, 1, 1, 1, 1, 1, 1, 1, 1, 1, 1, 1, 1, 1, 1, 1, 1, 1, 1, 1, 1, 1, 1, 1, 1, 1, 1, 1, 1, 1, 1, 1, 1, 1, 1, 1, 1, 1, 1, 1, 1, 1, 1, 1, 1, 1, 1, 1, 1, 1, 1, 1, 1, 1, 1, 1, 1, 1, 1, 1, 1, 1, 1, 1, 1, 1, 1, 1, 1, 1, 1, 1, 1, 1, 1, 1, 1, 1, 1, 1, 1, 1, 1, 1, 1, 1, 1, 1, 1, 1, 1, 1, 1, 1, 1, 1, 1, 1, 1, 1, 1, 1, 1, 1, 1, 1, 1, 1, 1, 1, 1, 1, 1, 1, 1, 1, 1, 1, 1, 1, 1, 1, 1, 1, 1, 1, 1, 1, 1, 1, 1, 1, 1, 1, 1, 1, 1, 1, 1, 1, 1, 1, 1, 1, 1, 1, 1, 1, 1, 1, 1, 1, 1, 1, 1, 1, 1, 1, 1, 1, 1, 1, 1, 1, 1, 1, 1, 1, 1, 1, 1, 1, 1, 1, 1, 1, 1, 1, 1, 1, 1, 1, 1, 1, 1, 1, 1, 1, 1, 1, 1, 1, 1, 1, 1, 1, 1, 1, 1, 1, 1, 1, 1, 1, 1, 1, 1, 1, 1, 1, 1, 1, 1, 1, 1, 1, 1, 1, 1, 1, 1, 1, 1, 1, 1, 1, 1, 1, 1, 1, 1, 1, 1, 1, 1, 1, 1, 1, 1, 1, 1, 1, 1, 1, 1, 1, 1, 1, 1, 1, 1, 1, 1, 1, 1, 1, 1, 1, 1, 1, 1, 1, 1, 1, 1, 1, 1, 1, 1, 1, 1, 1, 1, 1, 1, 1, 1, 1, 1, 1, 1, 1, 1, 1, 1, 1, 1, 1, 1, 1, 1, 1, 1, 1, 1, 1, 1, 1, 1, 1, 1, 1, 1, 1, 1, 1, 1, 1, 1, 1, 1, 1, 1, 1, 1, 1, 1, 1, 1, 1, 1, 1, 1, 1, 1, 1, 1, 1, 1, 1, 1, 1, 1, 1, 1, 1, 1, 1, 1, 1, 1, 1, 1, 1, 1, 1, 1, 1, 1, 1, 1, 1, 1, 1, 1, 1, 1, 1, 1, 1, 1, 1, 1, 1, 1, 1, 1, 1, 1, 1, 1, 1, 1, 1, 1, 1, 1, 1, 1, 1, 1, 1, 1, 1, 1, 1, 1, 1, 1, 1, 1, 1, 1, 1, 1, 1, 1, 1, 1, 1, 1, 1, 1, 1, 1, 1, 1, 1, 1, 1, 1, 1, 1, 1, 1, 1, 1, 1, 1, 1, 1, 1, 1, 1, 1, 1, 1, 1, 1, 1, 1, 1, 1, 1, 1, 1, 1, 1, 1, 1, 1, 1, 1, 1, 1, 1, 1, 1, 1, 1, 1, 1, 1, 1, 1, 1, 1, 1, 1, 1, 1, 1, 1, 1, 1, 1, 1, 1, 1, 1, 1, 1, 1, 1, 1, 1, 1, 1, 1, 1, 1, 1, 1, 1, 1, 1, 1, 1, 1, 1, 1, 1, 1, 1, 1, 1, 1, 1, 1, 1, 1, 1, 1, 1, 1, 1, 1, 1, 1, 1, 1, 1, 1, 1, 1, 1, 1, 1, 1, 1, 1, 1, 1, 1, 1, 1, 1, 1, 1, 1, 1, 1, 1, 1, 1, 1, 1, 1, 1, 1, 1, 1, 1, 1, 1, 1, 1, 1, 1, 1, 1, 1, 1, 1, 1, 1, 1, 1, 1, 1, 1, 1, 1, 1, 1, 1, 1, 1, 1, 1, 1, 1, 1, 1, 1, 1, 1, 1, 1, 1, 1, 1, 1, 1, 1, 1, 1, 1, 1, 1, 1, 1, 1, 1, 1, 1, 1, 1, 1, 1, 1, 1, 1, 1, 1, 1, 1, 1, 1, 1, 1, 1, 1, 1, 1, 1, 1, 1, 1, 1, 1, 1, 1, 1, 1, 1, 1, 1, 1, 1, 1, 1, 1, 1, 1, 1, 1, 1, 1, 1, 1, 1, 1, 1, 1, 1, 1, 1, 1, 1, 1, 1, 1, 1, 1, 1, 1, 1, 1, 1, 1, 1, 1, 1, 1, 1, 1, 1, 1, 1, 1, 1, 1, 1, 1, 1, 1, 1, 1, 1, 1, 1, 1, 1, 1, 1, 1, 1, 1, 1, 1, 1, 1, 1, 1, 1, 1, 1, 1, 1, 1, 1, 1, 1, 1, 1, 1, 1, 1, 1, 1, 1, 1, 1, 1, 1, 1, 1, 1, 1, 1, 1, 1, 1, 1, 1, 1, 1, 1, 1, 1, 1, 1, 1, 1, 1, 1, 1, 1, 1, 1, 1, 1, 1, 1, 1, 1, 1, 1, 1, 1, 1, 1, 1, 1, 1, 1, 1, 1, 1, 1, 1, 1, 1, 1, 1, 1, 1, 1, 1, 1, 1, 1, 1, 1, 1, 1, 1, 1, 1, 1, 1, 1, 1, 1, 1, 1, 1, 1, 1, 1, 1, 1, 1, 1, 1, 1, 1, 1, 1, 1, 1, 1, 1, 1, 1, 1, 1, 1, 1, 1, 1, 1, 1, 1, 1, 1, 1, 1, 1, 1, 1, 1, 1, 1, 1, 1, 1, 1, 1, 1, 1, 1, 1, 1, 1, 1, 1, 1, 1, 1, 1, 1, 1, 1, 1, 1, 1, 1, 1, 1, 1, 1, 1, 1, 1, 1, 1, 1, 1, 1, 1, 1, 1, 1, 1, 1, 1, 1, 1, 1, 1, 1, 1, 1, 1, 1, 1, 1, 1, 1, 1, 1, 1, 1, 1, 1, 1, 1, 1, 1, 1, 1, 1, 1, 1, 1, 1, 1, 1, 1, 1, 1, 1, 1, 1, 1, 1, 1, 1, 1, 1, 1, 1, 1, 1, 1, 1, 1, 1, 1, 1, 1, 1, 1, 1, 1, 1, 1, 1, 1, 1, 1, 1, 1, 1, 1, 1, 1, 1, 1, 1, 1, 1, 1, 1, 1, 1, 1, 1, 1, 1, 1, 1, 1, 1, 1, 1, 1, 1, 1, 1, 1, 1, 1, 1, 1, 1, 1, 1, 1, 1, 1, 1, 1, 1, 1, 1, 1, 1, 1, 1, 1, 1, 1, 1, 1, 1, 1, 1, 1, 1, 1, 1, 1, 1, 1, 1, 1, 1, 1, 1, 1, 1, 1, 1, 1, 1, 1, 1, 1, 1, 1, 1, 1, 1, 1, 1, 1, 1, 1, 1, 1, 1, 1, 1, 1, 1, 1, 1, 1, 1, 1, 1, 1, 1, 1, 1, 1, 1, 1, 1, 1, 1, 1, 1, 1, 1, 1, 1, 1, 1, 1, 1, 1, 1, 1, 1, 1, 1, 1, 1, 1, 1, 1, 1, 1, 1, 1, 1, 1, 1, 1, 1, 1, 1, 1, 1, 1, 1, 1, 1, 1, 1, 1, 1, 1, 1, 1, 1, 1, 1, 1, 1, 1, 1, 1, 1, 1, 1, 1, 1, 1, 1, 1, 1, 1, 1, 1, 1, 1, 1, 1, 1, 1, 1, 1, 1, 1, 1, 1, 1, 1, 1, 1, 1, 1, 1, 1, 1, 1, 1, 1, 1, 1, 1, 1, 1, 1, 1, 1, 1, 1, 1, 1, 1, 1, 1, 1, 1, 1, 1, 1, 1, 1, 1, 1, 1, 1, 1, 1, 1, 1, 1, 1, 1, 1, 1, 1, 1, 1, 1, 1, 1, 1, 1, 1, 1, 1, 1, 1, 1, 1, 1, 1, 1, 1, 1, 1, 1, 1, 1, 1, 1, 1, 1, 1, 1, 1, 1, 1, 1, 1, 1, 1, 1, 1, 1, 1, 1, 1, 1, 1, 1, 1, 1, 1, 1, 1, 1, 1, 1, 1, 1, 1, 1, 1, 1, 1, 1, 1, 1, 1, 1, 1, 1, 1, 1, 1, 1, 1, 1, 1, 1, 1, 1, 1, 1, 1, 1, 1, 1, 1, 1, 1, 1, 1, 1, 1, 1, 1, 1, 1, 1, 1, 1, 1, 1, 1, 1, 1, 1, 1, 1, 1, 1, 1, 1, 1, 1, 1, 1, 1, 1, 1, 1, 1, 1, 1, 1, 1, 1, 1, 1, 1, 1, 1, 1, 1, 1, 1, 1, 1, 1, 1, 1, 1, 1, 1, 1, 1, 1, 1, 1, 1, 1, 1, 1, 1, 1, 1, 1, 1, 1, 1, 1, 1, 1, 1, 1, 1, 1, 1, 1, 1, 1, 1, 1, 1, 1, 1, 1, 1, 1, 1, 1, 1, 1, 1, 1, 1, 1, 1, 1, 1, 1, 1, 1, 1, 1, 1, 1, 1, 1, 1, 1, 1, 1, 1, 1, 1, 1, 1, 1, 1, 1, 1, 1, 1, 1, 1, 1, 1, 1, 1, 1, 1, 1, 1, 1, 1, 1, 1, 1, 1, 1, 1, 1, 1, 1, 1, 1, 1, 1, 1, 1, 1, 1, 1, 1, 1, 1, 1, 1, 1, 1, 1, 1, 1, 1, 1, 1, 1, 1, 1, 1, 1, 1, 1, 1, 1, 1, 1, 1, 1, 1, 1, 1, 1, 1, 1, 1, 1, 1, 1, 1, 1, 1, 1, 1, 1, 1, 1, 1, 1, 1, 1, 1, 1, 1, 1, 1, 1, 1, 1, 1, 1, 1, 1, 1, 1, 1, 1, 1, 1, 1, 1, 1, 1, 1, 1]

----------------------------------------
Signal: Position Feedback
Data Points: 2000
Values: [53.3065, 53.3065, 53.3065, 53.3065, 53.3065, 53.3065, 53.3065, 53.3065, 53.3065, 53.3065, 53.3065, 53.3065, 53.307, 53.307, 53.3065, 53.3065, 53.3065, 53.3065, 53.3065, 53.3065, 53.3065, 53.3065, 53.3065, 53.3065, 53.3065, 53.3065, 53.3065, 53.3065, 53.3065, 53.3065, 53.3065, 53.3065, 53.3065, 53.3065, 53.3065, 53.3065, 53.3065, 53.3065, 53.3065, 53.3065, 53.3065, 53.3065, 53.3065, 53.3065, 53.3065, 53.3065, 53.3065, 53.3065, 53.3065, 53.3065, 53.3065, 53.3065, 53.3065, 53.3065, 53.3065, 53.3065, 53.3065, 53.3065, 53.3065, 53.3065, 53.3065, 53.3065, 53.3065, 53.3065, 53.3065, 53.3065, 53.3065, 53.3065, 53.3065, 53.3065, 53.3065, 53.3065, 53.3065, 53.3065, 53.3065, 53.3065, 53.3065, 53.3065, 53.3065, 53.3065, 53.3065, 53.3065, 53.3065, 53.3065, 53.3065, 53.3065, 53.3065, 53.3065, 53.3065, 53.3065, 53.3065, 53.3065, 53.3065, 53.3065, 53.3065, 53.3065, 53.3065, 53.3065, 53.3065, 53.3065, 53.3065, 53.3065, 53.3065, 53.3065, 53.3065, 53.3065, 53.3065, 53.3065, 53.3065, 53.3065, 53.3065, 53.3065, 53.3065, 53.3065, 53.3065, 53.3065, 53.3065, 53.3065, 53.3065, 53.3065, 53.3065, 53.3065, 53.3065, 53.3065, 53.3065, 53.3065, 53.3065, 53.3065, 53.3065, 53.3065, 53.3065, 53.3065, 53.3065, 53.3065, 53.3065, 53.3065, 53.3065, 53.3065, 53.3065, 53.3065, 53.3065, 53.3065, 53.3065, 53.3065, 53.3065, 53.3065, 53.3065, 53.3065, 53.3065, 53.3065, 53.3065, 53.3065, 53.3065, 53.3065, 53.3065, 53.3065, 53.3065, 53.3065, 53.3065, 53.3065, 53.3065, 53.3065, 53.3065, 53.3065, 53.3065, 53.3065, 53.3065, 53.3065, 53.3065, 53.3065, 53.3065, 53.3065, 53.3065, 53.3065, 53.3065, 53.3065, 53.3065, 53.3065, 53.3065, 53.3065, 53.3065, 53.3065, 53.3065, 53.3065, 53.3065, 53.3065, 53.3065, 53.3065, 53.3065, 53.3065, 53.3065, 53.3065, 53.3065, 53.307, 53.307, 53.307, 53.307, 53.307, 53.307, 53.307, 53.307, 53.307, 53.307, 53.307, 53.307, 53.307, 53.307, 53.307, 53.307, 53.307, 53.307, 53.307, 53.307, 53.307, 53.307, 53.307, 53.307, 53.307, 53.307, 53.307, 53.307, 53.307, 53.307, 53.307, 53.307, 53.307, 53.307, 53.307, 53.307, 53.307, 53.307, 53.307, 53.307, 53.307, 53.307, 53.307, 53.307, 53.307, 53.307, 53.307, 53.307, 53.307, 53.307, 53.307, 53.307, 53.307, 53.307, 53.307, 53.307, 53.307, 53.307, 53.307, 53.307, 53.307, 53.307, 53.307, 53.307, 53.307, 53.307, 53.307, 53.307, 53.307, 53.307, 53.307, 53.307, 53.307, 53.307, 53.307, 53.307, 53.307, 53.307, 53.307, 53.307, 53.307, 53.307, 53.307, 53.307, 53.307, 53.307, 53.307, 53.307, 53.307, 53.307, 53.307, 53.307, 53.307, 53.307, 53.307, 53.307, 53.307, 53.307, 53.307, 53.307, 53.307, 53.307, 53.307, 53.307, 53.307, 53.307, 53.307, 53.307, 53.307, 53.307, 53.307, 53.307, 53.307, 53.307, 53.307, 53.307, 53.307, 53.307, 53.307, 53.307, 53.307, 53.307, 53.307, 53.307, 53.307, 53.307, 53.307, 53.307, 53.307, 53.307, 53.307, 53.307, 53.307, 53.307, 53.307, 53.307, 53.307, 53.307, 53.307, 53.307, 53.307, 53.307, 53.307, 53.307, 53.307, 53.307, 53.307, 53.307, 53.307, 53.307, 53.307, 53.307, 53.307, 53.307, 53.307, 53.307, 53.307, 53.307, 53.307, 53.307, 53.307, 53.307, 53.307, 53.307, 53.307, 53.307, 53.307, 53.307, 53.307, 53.307, 53.307, 53.307, 53.307, 53.307, 53.307, 53.307, 53.307, 53.307, 53.307, 53.307, 53.307, 53.307, 53.307, 53.307, 53.307, 53.307, 53.307, 53.307, 53.307, 53.307, 53.307, 53.307, 53.307, 53.307, 53.307, 53.307, 53.307, 53.307, 53.307, 53.307, 53.307, 53.307, 53.307, 53.307, 53.307, 53.307, 53.307, 53.307, 53.307, 53.307, 53.307, 53.307, 53.307, 53.307, 53.307, 53.307, 53.307, 53.307, 53.307, 53.307, 53.307, 53.307, 53.307, 53.307, 53.307, 53.307, 53.307, 53.307, 53.307, 53.307, 53.307, 53.307, 53.307, 53.307, 53.307, 53.307, 53.307, 53.307, 53.307, 53.307, 53.307, 53.307, 53.307, 53.307, 53.307, 53.307, 53.307, 53.307, 53.307, 53.307, 53.307, 53.307, 53.307, 53.307, 53.307, 53.307, 53.307, 53.307, 53.307, 53.307, 53.307, 53.307, 53.307, 53.307, 53.307, 53.307, 53.307, 53.307, 53.307, 53.307, 53.307, 53.307, 53.307, 53.307, 53.307, 53.307, 53.307, 53.307, 53.307, 53.307, 53.307, 53.307, 53.307, 53.307, 53.307, 53.307, 53.307, 53.307, 53.307, 53.307, 53.307, 53.307, 53.307, 53.307, 53.307, 53.307, 53.307, 53.307, 53.307, 53.307, 53.307, 53.307, 53.307, 53.307, 53.307, 53.307, 53.307, 53.307, 53.307, 53.307, 53.307, 53.307, 53.307, 53.307, 53.307, 53.307, 53.307, 53.307, 53.307, 53.307, 53.307, 53.307, 53.307, 53.307, 53.307, 53.307, 53.307, 53.307, 53.307, 53.307, 53.307, 53.307, 53.307, 53.307, 53.307, 53.307, 53.307, 53.307, 53.307, 53.307, 53.307, 53.307, 53.307, 53.307, 53.307, 53.307, 53.307, 53.307, 53.307, 53.307, 53.307, 53.307, 53.307, 53.307, 53.307, 53.307, 53.307, 53.307, 53.307, 53.307, 53.307, 53.307, 53.307, 53.307, 53.307, 53.307, 53.307, 53.307, 53.307, 53.307, 53.307, 53.307, 53.307, 53.307, 53.307, 53.307, 53.307, 53.307, 53.307, 53.307, 53.307, 53.307, 53.307, 53.307, 53.307, 53.307, 53.307, 53.307, 53.307, 53.307, 53.307, 53.307, 53.307, 53.307, 53.307, 53.307, 53.307, 53.307, 53.307, 53.307, 53.307, 53.307, 53.307, 53.307, 53.307, 53.307, 53.307, 53.307, 53.307, 53.307, 53.307, 53.307, 53.307, 53.307, 53.307, 53.307, 53.307, 53.307, 53.307, 53.307, 53.307, 53.307, 53.307, 53.307, 53.307, 53.307, 53.307, 53.307, 53.307, 53.307, 53.307, 53.307, 53.307, 53.307, 53.307, 53.307, 53.307, 53.307, 53.307, 53.307, 53.307, 53.307, 53.307, 53.307, 53.307, 53.307, 53.307, 53.307, 53.307, 53.307, 53.307, 53.307, 53.307, 53.307, 53.307, 53.307, 53.307, 53.307, 53.307, 53.307, 53.307, 53.307, 53.307, 53.307, 53.307, 53.307, 53.307, 53.307, 53.307, 53.307, 53.307, 53.307, 53.307, 53.307, 53.307, 53.307, 53.307, 53.307, 53.307, 53.307, 53.307, 53.307, 53.307, 53.307, 53.307, 53.307, 53.307, 53.307, 53.307, 53.307, 53.307, 53.307, 53.307, 53.307, 53.307, 53.307, 53.307, 53.307, 53.307, 53.307, 53.307, 53.307, 53.307, 53.307, 53.307, 53.307, 53.307, 53.307, 53.307, 53.307, 53.307, 53.307, 53.307, 53.307, 53.307, 53.307, 53.307, 53.307, 53.307, 53.307, 53.307, 53.307, 53.307, 53.307, 53.307, 53.307, 53.307, 53.307, 53.307, 53.307, 53.307, 53.307, 53.307, 53.307, 53.307, 53.307, 53.307, 53.307, 53.307, 53.307, 53.307, 53.307, 53.307, 53.307, 53.307, 53.307, 53.307, 53.307, 53.307, 53.307, 53.307, 53.307, 53.307, 53.307, 53.307, 53.307, 53.307, 53.307, 53.307, 53.307, 53.307, 53.307, 53.307, 53.307, 53.307, 53.307, 53.307, 53.307, 53.307, 53.307, 53.307, 53.307, 53.307, 53.307, 53.307, 53.307, 53.307, 53.307, 53.307, 53.307, 53.307, 53.307, 53.307, 53.307, 53.307, 53.307, 53.307, 53.307, 53.307, 53.307, 53.307, 53.307, 53.307, 53.307, 53.307, 53.307, 53.307, 53.307, 53.307, 53.307, 53.307, 53.307, 53.307, 53.307, 53.307, 53.307, 53.307, 53.307, 53.307, 53.307, 53.307, 53.307, 53.307, 53.307, 53.307, 53.307, 53.307, 53.307, 53.307, 53.307, 53.307, 53.307, 53.307, 53.307, 53.307, 53.307, 53.307, 53.307, 53.307, 53.307, 53.307, 53.307, 53.307, 53.307, 53.307, 53.307, 53.307, 53.307, 53.307, 53.307, 53.307, 53.307, 53.307, 53.307, 53.307, 53.307, 53.307, 53.307, 53.307, 53.307, 53.307, 53.307, 53.307, 53.307, 53.307, 53.307, 53.307, 53.307, 53.307, 53.307, 53.307, 53.307, 53.307, 53.307, 53.307, 53.307, 53.307, 53.307, 53.307, 53.307, 53.307, 53.307, 53.307, 53.307, 53.307, 53.307, 53.307, 53.307, 53.307, 53.307, 53.307, 53.307500000000005, 53.307500000000005, 53.307, 53.307500000000005, 53.307500000000005, 53.307500000000005, 53.307500000000005, 53.307500000000005, 53.307500000000005, 53.307500000000005, 53.307500000000005, 53.307500000000005, 53.307500000000005, 53.307500000000005, 53.307500000000005, 53.307500000000005, 53.307500000000005, 53.307500000000005, 53.307500000000005, 53.307500000000005, 53.307500000000005, 53.307500000000005, 53.307500000000005, 53.307500000000005, 53.307500000000005, 53.307500000000005, 53.307500000000005, 53.307500000000005, 53.307500000000005, 53.307500000000005, 53.307500000000005, 53.307500000000005, 53.307500000000005, 53.307500000000005, 53.307500000000005, 53.307500000000005, 53.307500000000005, 53.307500000000005, 53.307500000000005, 53.307500000000005, 53.307500000000005, 53.307500000000005, 53.307500000000005, 53.307500000000005, 53.307500000000005, 53.307500000000005, 53.307500000000005, 53.307500000000005, 53.307500000000005, 53.307500000000005, 53.307500000000005, 53.307500000000005, 53.307500000000005, 53.307500000000005, 53.307500000000005, 53.307500000000005, 53.307500000000005, 53.307500000000005, 53.307500000000005, 53.307500000000005, 53.307500000000005, 53.307500000000005, 53.307500000000005, 53.307500000000005, 53.307500000000005, 53.307500000000005, 53.307500000000005, 53.307500000000005, 53.307500000000005, 53.307500000000005, 53.307500000000005, 53.307500000000005, 53.307500000000005, 53.307500000000005, 53.307500000000005, 53.307500000000005, 53.307500000000005, 53.307500000000005, 53.307500000000005, 53.307500000000005, 53.307500000000005, 53.307500000000005, 53.307500000000005, 53.307500000000005, 53.307500000000005, 53.307500000000005, 53.307500000000005, 53.307500000000005, 53.307500000000005, 53.307500000000005, 53.307500000000005, 53.307500000000005, 53.307500000000005, 53.307500000000005, 53.307500000000005, 53.307500000000005, 53.307500000000005, 53.307500000000005, 53.307500000000005, 53.307500000000005, 53.307500000000005, 53.307500000000005, 53.307500000000005, 53.307500000000005, 53.307500000000005, 53.307500000000005, 53.307500000000005, 53.307500000000005, 53.307500000000005, 53.307500000000005, 53.307500000000005, 53.307500000000005, 53.307500000000005, 53.307500000000005, 53.307500000000005, 53.307500000000005, 53.307500000000005, 53.307500000000005, 53.307500000000005, 53.307500000000005, 53.307500000000005, 53.307500000000005, 53.307500000000005, 53.307500000000005, 53.307500000000005, 53.307500000000005, 53.307500000000005, 53.307500000000005, 53.307500000000005, 53.307500000000005, 53.307500000000005, 53.307500000000005, 53.307500000000005, 53.307500000000005, 53.307500000000005, 53.307500000000005, 53.307500000000005, 53.307500000000005, 53.307500000000005, 53.307500000000005, 53.307500000000005, 53.307500000000005, 53.307500000000005, 53.307500000000005, 53.307500000000005, 53.307500000000005, 53.307500000000005, 53.307500000000005, 53.307500000000005, 53.307500000000005, 53.307500000000005, 53.307500000000005, 53.307500000000005, 53.307500000000005, 53.307500000000005, 53.307500000000005, 53.307500000000005, 53.307500000000005, 53.307500000000005, 53.307500000000005, 53.307500000000005, 53.307500000000005, 53.307500000000005, 53.307500000000005, 53.307500000000005, 53.307500000000005, 53.307500000000005, 53.307500000000005, 53.307500000000005, 53.307500000000005, 53.307500000000005, 53.307500000000005, 53.307500000000005, 53.307500000000005, 53.307500000000005, 53.307500000000005, 53.307500000000005, 53.307500000000005, 53.307500000000005, 53.307500000000005, 53.307500000000005, 53.307500000000005, 53.307500000000005, 53.307500000000005, 53.307500000000005, 53.307500000000005, 53.307500000000005, 53.307500000000005, 53.307500000000005, 53.307500000000005, 53.307500000000005, 53.307500000000005, 53.307500000000005, 53.307500000000005, 53.307500000000005, 53.307500000000005, 53.307500000000005, 53.307500000000005, 53.307500000000005, 53.307500000000005, 53.307500000000005, 53.307500000000005, 53.307500000000005, 53.307500000000005, 53.307500000000005, 53.307500000000005, 53.307500000000005, 53.307500000000005, 53.307500000000005, 53.307500000000005, 53.307500000000005, 53.307500000000005, 53.307500000000005, 53.307500000000005, 53.307500000000005, 53.307500000000005, 53.307500000000005, 53.307500000000005, 53.307500000000005, 53.307500000000005, 53.307500000000005, 53.307500000000005, 53.307500000000005, 53.307500000000005, 53.307500000000005, 53.307500000000005, 53.307500000000005, 53.307500000000005, 53.307500000000005, 53.307500000000005, 53.307500000000005, 53.307500000000005, 53.307500000000005, 53.307500000000005, 53.307500000000005, 53.307500000000005, 53.307500000000005, 53.307500000000005, 53.307500000000005, 53.307500000000005, 53.307500000000005, 53.307500000000005, 53.307500000000005, 53.307500000000005, 53.307500000000005, 53.307500000000005, 53.307500000000005, 53.307500000000005, 53.307500000000005, 53.307500000000005, 53.307500000000005, 53.307500000000005, 53.307500000000005, 53.307500000000005, 53.307500000000005, 53.307500000000005, 53.307500000000005, 53.307500000000005, 53.307500000000005, 53.307500000000005, 53.307500000000005, 53.307500000000005, 53.307500000000005, 53.307500000000005, 53.307500000000005, 53.307500000000005, 53.307500000000005, 53.307500000000005, 53.307500000000005, 53.307500000000005, 53.307500000000005, 53.307500000000005, 53.307500000000005, 53.307500000000005, 53.307500000000005, 53.307500000000005, 53.307500000000005, 53.307500000000005, 53.307500000000005, 53.307500000000005, 53.307500000000005, 53.307500000000005, 53.307500000000005, 53.307500000000005, 53.307500000000005, 53.307500000000005, 53.307500000000005, 53.307500000000005, 53.307500000000005, 53.307500000000005, 53.307500000000005, 53.307500000000005, 53.307500000000005, 53.307500000000005, 53.307500000000005, 53.307500000000005, 53.307500000000005, 53.307500000000005, 53.307500000000005, 53.307500000000005, 53.307500000000005, 53.307500000000005, 53.307500000000005, 53.307500000000005, 53.307500000000005, 53.307500000000005, 53.307500000000005, 53.307500000000005, 53.307500000000005, 53.307500000000005, 53.307500000000005, 53.307500000000005, 53.307500000000005, 53.307500000000005, 53.307500000000005, 53.307500000000005, 53.307500000000005, 53.307500000000005, 53.307500000000005, 53.307500000000005, 53.307500000000005, 53.307500000000005, 53.307500000000005, 53.307500000000005, 53.307500000000005, 53.307500000000005, 53.307500000000005, 53.307500000000005, 53.307500000000005, 53.307500000000005, 53.307500000000005, 53.307500000000005, 53.307500000000005, 53.307500000000005, 53.307500000000005, 53.307500000000005, 53.307500000000005, 53.307500000000005, 53.307500000000005, 53.307500000000005, 53.307500000000005, 53.307500000000005, 53.307500000000005, 53.307500000000005, 53.307500000000005, 53.307500000000005, 53.307500000000005, 53.307500000000005, 53.307500000000005, 53.307500000000005, 53.307500000000005, 53.307500000000005, 53.307500000000005, 53.307500000000005, 53.307500000000005, 53.307500000000005, 53.307500000000005, 53.307500000000005, 53.307500000000005, 53.307500000000005, 53.307500000000005, 53.307500000000005, 53.307500000000005, 53.307500000000005, 53.307500000000005, 53.307500000000005, 53.307500000000005, 53.307500000000005, 53.307500000000005, 53.307500000000005, 53.307500000000005, 53.307500000000005, 53.307500000000005, 53.307500000000005, 53.307500000000005, 53.307500000000005, 53.307500000000005, 53.307500000000005, 53.307500000000005, 53.307500000000005, 53.307500000000005, 53.307500000000005, 53.307500000000005, 53.307500000000005, 53.307500000000005, 53.307500000000005, 53.307500000000005, 53.307500000000005, 53.307500000000005, 53.307500000000005, 53.307500000000005, 53.307500000000005, 53.307500000000005, 53.307500000000005, 53.307500000000005, 53.307500000000005, 53.307500000000005, 53.307500000000005, 53.307500000000005, 53.307500000000005, 53.307500000000005, 53.307500000000005, 53.307500000000005, 53.307500000000005, 53.307500000000005, 53.307500000000005, 53.307500000000005, 53.307500000000005, 53.307500000000005, 53.307500000000005, 53.307500000000005, 53.307500000000005, 53.307500000000005, 53.307500000000005, 53.307500000000005, 53.307500000000005, 53.307500000000005, 53.307500000000005, 53.307500000000005, 53.307500000000005, 53.307500000000005, 53.307500000000005, 53.307500000000005, 53.307500000000005, 53.307500000000005, 53.307500000000005, 53.307500000000005, 53.307500000000005, 53.307500000000005, 53.307500000000005, 53.307500000000005, 53.307500000000005, 53.307500000000005, 53.307500000000005, 53.307500000000005, 53.307500000000005, 53.307500000000005, 53.307500000000005, 53.307500000000005, 53.307500000000005, 53.307500000000005, 53.307500000000005, 53.307500000000005, 53.307500000000005, 53.307500000000005, 53.307500000000005, 53.307500000000005, 53.307500000000005, 53.307500000000005, 53.307500000000005, 53.307500000000005, 53.307500000000005, 53.307500000000005, 53.307500000000005, 53.307500000000005, 53.307500000000005, 53.307500000000005, 53.307500000000005, 53.307500000000005, 53.307500000000005, 53.307500000000005, 53.307500000000005, 53.307500000000005, 53.307500000000005, 53.307500000000005, 53.307500000000005, 53.307500000000005, 53.307500000000005, 53.307500000000005, 53.307500000000005, 53.307500000000005, 53.307500000000005, 53.307500000000005, 53.307500000000005, 53.307500000000005, 53.307500000000005, 53.307500000000005, 53.307500000000005, 53.307500000000005, 53.307500000000005, 53.307500000000005, 53.307500000000005, 53.307500000000005, 53.307500000000005, 53.307500000000005, 53.307500000000005, 53.307500000000005, 53.307500000000005, 53.307500000000005, 53.307500000000005, 53.307500000000005, 53.307500000000005, 53.307500000000005, 53.307500000000005, 53.307500000000005, 53.307500000000005, 53.307500000000005, 53.307500000000005, 53.307500000000005, 53.307500000000005, 53.307500000000005, 53.307500000000005, 53.307500000000005, 53.307500000000005, 53.307500000000005, 53.307500000000005, 53.307500000000005, 53.307500000000005, 53.307500000000005, 53.307500000000005, 53.307500000000005, 53.307500000000005, 53.307500000000005, 53.307500000000005, 53.307500000000005, 53.307500000000005, 53.307500000000005, 53.307500000000005, 53.307500000000005, 53.307500000000005, 53.307500000000005, 53.307500000000005, 53.307500000000005, 53.307500000000005, 53.307500000000005, 53.307500000000005, 53.307500000000005, 53.307500000000005, 53.307500000000005, 53.307500000000005, 53.307500000000005, 53.307500000000005, 53.307500000000005, 53.307500000000005, 53.307500000000005, 53.307500000000005, 53.307500000000005, 53.307500000000005, 53.307500000000005, 53.307500000000005, 53.307500000000005, 53.307500000000005, 53.307500000000005, 53.307500000000005, 53.307500000000005, 53.307500000000005, 53.307500000000005, 53.307500000000005, 53.307500000000005, 53.307500000000005, 53.307500000000005, 53.307500000000005, 53.307500000000005, 53.307500000000005, 53.307500000000005, 53.307500000000005, 53.307500000000005, 53.307500000000005, 53.307500000000005, 53.307500000000005, 53.307500000000005, 53.307500000000005, 53.307500000000005, 53.307500000000005, 53.307500000000005, 53.307500000000005, 53.307500000000005, 53.307500000000005, 53.307500000000005, 53.307500000000005, 53.307500000000005, 53.307500000000005, 53.307500000000005, 53.307500000000005, 53.307500000000005, 53.307500000000005, 53.307500000000005, 53.307500000000005, 53.307500000000005, 53.307500000000005, 53.307500000000005, 53.307500000000005, 53.307500000000005, 53.307500000000005, 53.307500000000005, 53.307500000000005, 53.307500000000005, 53.307500000000005, 53.307500000000005, 53.307500000000005, 53.307500000000005, 53.307500000000005, 53.307500000000005, 53.307500000000005, 53.307500000000005, 53.307500000000005, 53.307500000000005, 53.307500000000005, 53.307500000000005, 53.307500000000005, 53.307500000000005, 53.307500000000005, 53.307500000000005, 53.307500000000005, 53.307500000000005, 53.307500000000005, 53.307500000000005, 53.307500000000005, 53.307500000000005, 53.307500000000005, 53.307500000000005, 53.307500000000005, 53.307500000000005, 53.307500000000005, 53.307500000000005, 53.307500000000005, 53.307500000000005, 53.307500000000005, 53.307500000000005, 53.307500000000005, 53.307500000000005, 53.307500000000005, 53.307500000000005, 53.307500000000005, 53.307500000000005, 53.307500000000005, 53.307500000000005, 53.307500000000005, 53.307500000000005, 53.307500000000005, 53.307500000000005, 53.307500000000005, 53.307500000000005, 53.307500000000005, 53.307500000000005, 53.307500000000005, 53.307500000000005, 53.307500000000005, 53.307500000000005, 53.307500000000005, 53.307500000000005, 53.307500000000005, 53.307500000000005, 53.307500000000005, 53.307500000000005, 53.307500000000005, 53.307500000000005, 53.307500000000005, 53.307500000000005, 53.307500000000005, 53.307500000000005, 53.307500000000005, 53.307500000000005, 53.307500000000005, 53.307500000000005, 53.307500000000005, 53.307500000000005, 53.307500000000005, 53.307500000000005, 53.307500000000005, 53.307500000000005, 53.307500000000005, 53.307500000000005, 53.307500000000005, 53.307500000000005, 53.307500000000005, 53.307500000000005, 53.307500000000005, 53.307500000000005, 53.307500000000005, 53.307500000000005, 53.307500000000005, 53.307500000000005, 53.307500000000005, 53.307500000000005, 53.307500000000005, 53.307500000000005, 53.307500000000005, 53.307500000000005, 53.307500000000005, 53.307500000000005, 53.307500000000005, 53.307500000000005, 53.307500000000005, 53.307500000000005, 53.307500000000005, 53.307500000000005, 53.307500000000005, 53.307500000000005, 53.307500000000005, 53.307500000000005, 53.307500000000005, 53.307500000000005, 53.307500000000005, 53.307500000000005, 53.307500000000005, 53.307500000000005, 53.307500000000005, 53.307500000000005, 53.307500000000005, 53.307500000000005, 53.307500000000005, 53.307500000000005, 53.307500000000005, 53.307500000000005, 53.307500000000005, 53.307500000000005, 53.307500000000005, 53.307500000000005, 53.307500000000005, 53.307500000000005, 53.307500000000005, 53.307500000000005, 53.307500000000005, 53.307500000000005, 53.307500000000005, 53.307500000000005, 53.307500000000005, 53.307500000000005, 53.307500000000005, 53.307500000000005, 53.307500000000005, 53.307500000000005, 53.307500000000005, 53.307500000000005, 53.307500000000005, 53.307500000000005, 53.307500000000005, 53.307500000000005, 53.307500000000005, 53.307500000000005, 53.307500000000005, 53.307500000000005, 53.307500000000005, 53.307500000000005, 53.307500000000005, 53.307500000000005, 53.307500000000005, 53.307500000000005, 53.307500000000005, 53.307500000000005, 53.307500000000005, 53.307500000000005, 53.307500000000005, 53.307500000000005, 53.307500000000005, 53.307500000000005, 53.307500000000005, 53.307500000000005, 53.307500000000005, 53.307500000000005, 53.307500000000005, 53.307500000000005, 53.307500000000005, 53.307500000000005, 53.307500000000005, 53.307500000000005, 53.307500000000005, 53.307500000000005, 53.307500000000005, 53.307500000000005, 53.307500000000005, 53.307500000000005, 53.307500000000005, 53.307500000000005, 53.307500000000005, 53.307500000000005, 53.307500000000005, 53.307500000000005, 53.307500000000005, 53.307500000000005, 53.307500000000005, 53.307500000000005, 53.307500000000005, 53.307500000000005, 53.307500000000005, 53.307500000000005, 53.307500000000005, 53.307500000000005, 53.307500000000005, 53.307500000000005, 53.307500000000005, 53.307500000000005, 53.307500000000005, 53.307500000000005, 53.307500000000005, 53.307500000000005, 53.307500000000005, 53.307500000000005, 53.307500000000005, 53.307500000000005, 53.307500000000005, 53.307500000000005, 53.307500000000005, 53.307500000000005, 53.307500000000005, 53.307500000000005, 53.307500000000005, 53.307500000000005, 53.307500000000005, 53.307500000000005, 53.307500000000005, 53.307500000000005, 53.307500000000005, 53.307500000000005, 53.307500000000005, 53.307500000000005, 53.307500000000005, 53.307500000000005, 53.307500000000005, 53.307500000000005, 53.307500000000005, 53.307500000000005, 53.307500000000005, 53.307500000000005, 53.307500000000005, 53.307500000000005, 53.307500000000005, 53.307500000000005, 53.307500000000005, 53.307500000000005, 53.307500000000005, 53.307500000000005, 53.307500000000005, 53.307500000000005, 53.307500000000005, 53.307500000000005, 53.307500000000005, 53.307500000000005, 53.307500000000005, 53.307500000000005, 53.307500000000005, 53.307500000000005, 53.307500000000005, 53.307500000000005, 53.307500000000005, 53.307500000000005, 53.307500000000005, 53.307500000000005, 53.307500000000005, 53.307500000000005, 53.307500000000005, 53.307500000000005, 53.307500000000005, 53.307500000000005, 53.307500000000005, 53.307500000000005, 53.307500000000005, 53.307500000000005, 53.307500000000005, 53.307500000000005, 53.307500000000005, 53.307500000000005, 53.307500000000005, 53.307500000000005, 53.307500000000005, 53.307500000000005, 53.307500000000005, 53.307500000000005, 53.307500000000005, 53.307500000000005, 53.307500000000005, 53.307500000000005, 53.307500000000005, 53.307500000000005, 53.307500000000005, 53.307500000000005, 53.307500000000005, 53.307500000000005, 53.307500000000005, 53.307500000000005, 53.307500000000005, 53.307500000000005, 53.307500000000005, 53.307500000000005, 53.307500000000005, 53.307500000000005, 53.307500000000005, 53.307500000000005, 53.307500000000005, 53.307500000000005, 53.307500000000005, 53.307500000000005, 53.307500000000005, 53.307500000000005, 53.307500000000005, 53.307500000000005, 53.307500000000005, 53.307500000000005, 53.307500000000005, 53.307500000000005, 53.307500000000005, 53.307500000000005, 53.307500000000005, 53.307500000000005, 53.307500000000005, 53.307500000000005, 53.307500000000005, 53.307500000000005, 53.307500000000005, 53.307500000000005, 53.307500000000005, 53.307500000000005, 53.307500000000005, 53.307500000000005, 53.307500000000005, 53.307500000000005, 53.307500000000005, 53.307500000000005, 53.307500000000005, 53.307500000000005, 53.307500000000005, 53.307500000000005, 53.307500000000005, 53.307500000000005, 53.307500000000005, 53.307500000000005, 53.307500000000005, 53.307500000000005, 53.307500000000005, 53.307500000000005, 53.307500000000005, 53.307500000000005, 53.307500000000005, 53.307500000000005, 53.307500000000005, 53.307500000000005, 53.307500000000005, 53.307500000000005, 53.307500000000005, 53.307500000000005, 53.307500000000005, 53.307500000000005, 53.307500000000005, 53.307500000000005, 53.307500000000005, 53.307500000000005, 53.307500000000005, 53.307500000000005, 53.307500000000005, 53.307500000000005, 53.307500000000005, 53.307500000000005, 53.307500000000005, 53.307500000000005, 53.307500000000005, 53.307500000000005, 53.307500000000005, 53.307500000000005, 53.307500000000005, 53.307500000000005, 53.307500000000005, 53.307500000000005, 53.307500000000005, 53.307500000000005, 53.307500000000005, 53.307500000000005, 53.307500000000005, 53.307500000000005, 53.307500000000005, 53.307500000000005, 53.307500000000005, 53.307500000000005, 53.307500000000005, 53.307500000000005, 53.307500000000005, 53.307500000000005, 53.307500000000005, 53.307500000000005, 53.307500000000005, 53.307500000000005, 53.307500000000005, 53.307500000000005, 53.307500000000005, 53.307500000000005, 53.307500000000005, 53.307500000000005, 53.307500000000005, 53.307500000000005, 53.307500000000005, 53.307500000000005, 53.307500000000005, 53.307500000000005, 53.307500000000005, 53.307500000000005, 53.307500000000005, 53.307500000000005, 53.307500000000005, 53.307500000000005, 53.307500000000005, 53.307500000000005, 53.307500000000005, 53.307500000000005, 53.307500000000005, 53.307500000000005, 53.307500000000005, 53.307500000000005, 53.307500000000005, 53.307500000000005, 53.307500000000005, 53.307500000000005, 53.307500000000005, 53.307500000000005, 53.307500000000005, 53.307500000000005, 53.307500000000005, 53.307500000000005, 53.307500000000005, 53.307500000000005, 53.307500000000005, 53.307500000000005, 53.307500000000005, 53.307500000000005, 53.307500000000005, 53.307500000000005, 53.307500000000005, 53.307500000000005, 53.307500000000005, 53.307500000000005, 53.307500000000005, 53.307500000000005, 53.307500000000005, 53.307500000000005, 53.307500000000005, 53.307500000000005, 53.307500000000005, 53.307500000000005, 53.307500000000005, 53.307500000000005, 53.307500000000005, 53.307500000000005, 53.307500000000005, 53.307500000000005, 53.307500000000005, 53.307500000000005, 53.307500000000005, 53.307500000000005, 53.307500000000005, 53.307500000000005, 53.307500000000005, 53.307500000000005, 53.307500000000005, 53.307500000000005, 53.307500000000005, 53.307500000000005, 53.307500000000005, 53.307500000000005, 53.307500000000005, 53.307500000000005, 53.307500000000005, 53.307500000000005, 53.307500000000005, 53.307500000000005, 53.307500000000005, 53.307500000000005, 53.307500000000005, 53.307500000000005, 53.307500000000005, 53.307500000000005, 53.307500000000005, 53.307500000000005, 53.307500000000005, 53.307500000000005, 53.307500000000005, 53.307500000000005, 53.307500000000005, 53.307500000000005, 53.307500000000005, 53.307500000000005, 53.307500000000005, 53.307500000000005, 53.307500000000005, 53.307500000000005, 53.307500000000005, 53.307500000000005, 53.307500000000005, 53.307500000000005, 53.307500000000005, 53.307500000000005, 53.307500000000005, 53.307500000000005, 53.307500000000005, 53.307500000000005, 53.307500000000005, 53.307500000000005, 53.307500000000005, 53.307500000000005, 53.307500000000005, 53.307500000000005, 53.307500000000005, 53.307500000000005, 53.307500000000005, 53.307500000000005, 53.307500000000005, 53.307500000000005, 53.307500000000005, 53.307500000000005, 53.307500000000005, 53.307500000000005, 53.307500000000005, 53.307500000000005, 53.307500000000005, 53.307500000000005, 53.307500000000005, 53.307500000000005, 53.307500000000005, 53.307500000000005, 53.307500000000005, 53.307500000000005, 53.307500000000005, 53.307500000000005, 53.307500000000005, 53.307500000000005, 53.307500000000005, 53.307500000000005, 53.307500000000005, 53.307500000000005, 53.307500000000005, 53.307500000000005, 53.307500000000005, 53.307500000000005, 53.307500000000005, 53.307500000000005, 53.307500000000005, 53.307500000000005, 53.307500000000005]

----------------------------------------
