Signal Data Log
========================================

Signal: Fault Bit Toggled
Data Points: 2000
Values: [0, 0, 0, 0, 0, 0, 0, 0, 0, 0, 1, 1, 1, 1, 1, 1, 1, 1, 1, 1, 1, 1, 1, 1, 1, 1, 1, 1, 1, 1, 1, 1, 1, 1, 1, 1, 1, 1, 1, 1, 1, 1, 1, 1, 1, 1, 1, 1, 1, 1, 1, 1, 1, 1, 1, 1, 1, 1, 1, 1, 1, 1, 1, 1, 1, 1, 1, 1, 1, 1, 1, 1, 1, 1, 1, 1, 1, 1, 1, 1, 1, 1, 1, 1, 1, 1, 1, 1, 1, 1, 1, 1, 1, 1, 1, 1, 1, 1, 1, 1, 1, 1, 1, 1, 1, 1, 1, 1, 1, 1, 1, 1, 1, 1, 1, 1, 1, 1, 1, 1, 1, 1, 1, 1, 1, 1, 1, 1, 1, 1, 1, 1, 1, 1, 1, 1, 1, 1, 1, 1, 1, 1, 1, 1, 1, 1, 1, 1, 1, 1, 1, 1, 1, 1, 1, 1, 1, 1, 1, 1, 1, 1, 1, 1, 1, 1, 1, 1, 1, 1, 1, 1, 1, 1, 1, 1, 1, 1, 1, 1, 1, 1, 1, 1, 1, 1, 1, 1, 1, 1, 1, 1, 1, 1, 1, 1, 1, 1, 1, 1, 1, 1, 1, 1, 1, 1, 1, 1, 1, 1, 1, 1, 1, 1, 1, 1, 1, 1, 1, 1, 1, 1, 1, 1, 1, 1, 1, 1, 1, 1, 1, 1, 1, 1, 1, 1, 1, 1, 1, 1, 1, 1, 1, 1, 1, 1, 1, 1, 1, 1, 1, 1, 1, 1, 1, 1, 1, 1, 1, 1, 1, 1, 1, 1, 1, 1, 1, 1, 1, 1, 1, 1, 1, 1, 1, 1, 1, 1, 1, 1, 1, 1, 1, 1, 1, 1, 1, 1, 1, 1, 1, 1, 1, 1, 1, 1, 1, 1, 1, 1, 1, 1, 1, 1, 1, 1, 1, 1, 1, 1, 1, 1, 1, 1, 1, 1, 1, 1, 1, 1, 1, 1, 1, 1, 1, 1, 1, 1, 1, 1, 1, 1, 1, 1, 1, 1, 1, 1, 1, 1, 1, 1, 1, 1, 1, 1, 1, 1, 1, 1, 1, 1, 1, 1, 1, 1, 1, 1, 1, 1, 1, 1, 1, 1, 1, 1, 1, 1, 1, 1, 1, 1, 1, 1, 1, 1, 1, 1, 1, 1, 1, 1, 1, 1, 1, 1, 1, 1, 1, 1, 1, 1, 1, 1, 1, 1, 1, 1, 1, 1, 1, 1, 1, 1, 1, 1, 1, 1, 1, 1, 1, 1, 1, 1, 1, 1, 1, 1, 1, 1, 1, 1, 1, 1, 1, 1, 1, 1, 1, 1, 1, 1, 1, 1, 1, 1, 1, 1, 1, 1, 1, 1, 1, 1, 1, 1, 1, 1, 1, 1, 1, 1, 1, 1, 1, 1, 1, 1, 1, 1, 1, 1, 1, 1, 1, 1, 1, 1, 1, 1, 1, 1, 1, 1, 1, 1, 1, 1, 1, 1, 1, 1, 1, 1, 1, 1, 1, 1, 1, 1, 1, 1, 1, 1, 1, 1, 1, 1, 1, 1, 1, 1, 1, 1, 1, 1, 1, 1, 1, 1, 1, 1, 1, 1, 1, 1, 1, 1, 1, 1, 1, 1, 1, 1, 1, 1, 1, 1, 1, 1, 1, 1, 1, 1, 1, 1, 1, 1, 1, 1, 1, 1, 1, 1, 1, 1, 1, 1, 1, 1, 1, 1, 1, 1, 1, 1, 1, 1, 1, 1, 1, 1, 1, 1, 1, 1, 1, 1, 1, 1, 1, 1, 1, 1, 1, 1, 1, 1, 1, 1, 1, 1, 1, 1, 1, 1, 1, 1, 1, 1, 1, 1, 1, 1, 1, 1, 1, 1, 1, 1, 1, 1, 1, 1, 1, 1, 1, 1, 1, 1, 1, 1, 1, 1, 1, 1, 1, 1, 1, 1, 1, 1, 1, 1, 1, 1, 1, 1, 1, 1, 1, 1, 1, 1, 1, 1, 1, 1, 1, 1, 1, 1, 1, 1, 1, 1, 1, 1, 1, 1, 1, 1, 1, 1, 1, 1, 1, 1, 1, 1, 1, 1, 1, 1, 1, 1, 1, 1, 1, 1, 1, 1, 1, 1, 1, 1, 1, 1, 1, 1, 1, 1, 1, 1, 1, 1, 1, 1, 1, 1, 1, 1, 1, 1, 1, 1, 1, 1, 1, 1, 1, 1, 1, 1, 1, 1, 1, 1, 1, 1, 1, 1, 1, 1, 1, 1, 1, 1, 1, 1, 1, 1, 1, 1, 1, 1, 1, 1, 1, 1, 1, 1, 1, 1, 1, 1, 1, 1, 1, 1, 1, 1, 1, 1, 1, 1, 1, 1, 1, 1, 1, 1, 1, 1, 1, 1, 1, 1, 1, 1, 1, 1, 1, 1, 1, 1, 1, 1, 1, 1, 1, 1, 1, 1, 1, 1, 1, 1, 1, 1, 1, 1, 1, 1, 1, 1, 1, 1, 1, 1, 1, 1, 1, 1, 1, 1, 1, 1, 1, 1, 1, 1, 1, 1, 1, 1, 1, 1, 1, 1, 1, 1, 1, 1, 1, 1, 1, 1, 1, 1, 1, 1, 1, 1, 1, 1, 1, 1, 1, 1, 1, 1, 1, 1, 1, 1, 1, 1, 1, 1, 1, 1, 1, 1, 1, 1, 1, 1, 1, 1, 1, 1, 1, 1, 1, 1, 1, 1, 1, 1, 1, 1, 1, 1, 1, 1, 1, 1, 1, 1, 1, 1, 1, 1, 1, 1, 1, 1, 1, 1, 1, 1, 1, 1, 1, 1, 1, 1, 1, 1, 1, 1, 1, 1, 1, 1, 1, 1, 1, 1, 1, 1, 1, 1, 1, 1, 1, 1, 1, 1, 1, 1, 1, 1, 1, 1, 1, 1, 1, 1, 1, 1, 1, 1, 1, 1, 1, 1, 1, 1, 1, 1, 1, 1, 1, 1, 1, 1, 1, 1, 1, 1, 1, 1, 1, 1, 1, 1, 1, 1, 1, 1, 1, 1, 1, 1, 1, 1, 1, 1, 1, 1, 1, 1, 1, 1, 1, 1, 1, 1, 1, 1, 1, 1, 1, 1, 1, 1, 1, 1, 1, 1, 1, 1, 1, 1, 1, 1, 1, 1, 1, 1, 1, 1, 1, 1, 1, 1, 1, 1, 1, 1, 1, 1, 1, 1, 1, 1, 1, 1, 1, 1, 1, 1, 1, 1, 1, 1, 1, 1, 1, 1, 1, 1, 1, 1, 1, 1, 1, 1, 1, 1, 1, 1, 1, 1, 1, 1, 1, 1, 1, 1, 1, 1, 1, 1, 1, 1, 1, 1, 1, 1, 1, 1, 1, 1, 1, 1, 1, 1, 1, 1, 1, 1, 1, 1, 1, 1, 1, 1, 1, 1, 1, 1, 1, 1, 1, 1, 1, 1, 1, 1, 1, 1, 1, 1, 1, 1, 1, 1, 1, 1, 1, 1, 1, 1, 1, 1, 1, 1, 1, 1, 1, 1, 1, 1, 1, 1, 1, 1, 1, 1, 1, 1, 1, 1, 1, 1, 1, 1, 1, 1, 1, 1, 1, 1, 1, 1, 1, 1, 1, 1, 1, 1, 1, 1, 1, 1, 1, 1, 1, 1, 1, 1, 1, 1, 1, 1, 1, 1, 1, 1, 1, 1, 1, 1, 1, 1, 1, 1, 1, 1, 1, 1, 1, 1, 1, 1, 1, 1, 1, 1, 1, 1, 1, 1, 1, 1, 1, 1, 1, 1, 1, 1, 1, 1, 1, 1, 1, 1, 1, 1, 1, 1, 1, 1, 1, 1, 1, 1, 1, 1, 1, 1, 1, 1, 1, 1, 1, 1, 1, 1, 1, 1, 1, 1, 1, 1, 1, 1, 1, 1, 1, 1, 1, 1, 1, 1, 1, 1, 1, 1, 1, 1, 1, 1, 1, 1, 1, 1, 1, 1, 1, 1, 1, 1, 1, 1, 1, 1, 1, 1, 1, 1, 1, 1, 1, 1, 1, 1, 1, 1, 1, 1, 1, 1, 1, 1, 1, 1, 1, 1, 1, 1, 1, 1, 1, 1, 1, 1, 1, 1, 1, 1, 1, 1, 1, 1, 1, 1, 1, 1, 1, 1, 1, 1, 1, 1, 1, 1, 1, 1, 1, 1, 1, 1, 1, 1, 1, 1, 1, 1, 1, 1, 1, 1, 1, 1, 1, 1, 1, 1, 1, 1, 1, 1, 1, 1, 1, 1, 1, 1, 1, 1, 1, 1, 1, 1, 1, 1, 1, 1, 1, 1, 1, 1, 1, 1, 1, 1, 1, 1, 1, 1, 1, 1, 1, 1, 1, 1, 1, 1, 1, 1, 1, 1, 1, 1, 1, 1, 1, 1, 1, 1, 1, 1, 1, 1, 1, 1, 1, 1, 1, 1, 1, 1, 1, 1, 1, 1, 1, 1, 1, 1, 1, 1, 1, 1, 1, 1, 1, 1, 1, 1, 1, 1, 1, 1, 1, 1, 1, 1, 1, 1, 1, 1, 1, 1, 1, 1, 1, 1, 1, 1, 1, 1, 1, 1, 1, 1, 1, 1, 1, 1, 1, 1, 1, 1, 1, 1, 1, 1, 1, 1, 1, 1, 1, 1, 1, 1, 1, 1, 1, 1, 1, 1, 1, 1, 1, 1, 1, 1, 1, 1, 1, 1, 1, 1, 1, 1, 1, 1, 1, 1, 1, 1, 1, 1, 1, 1, 1, 1, 1, 1, 1, 1, 1, 1, 1, 1, 1, 1, 1, 1, 1, 1, 1, 1, 1, 1, 1, 1, 1, 1, 1, 1, 1, 1, 1, 1, 1, 1, 1, 1, 1, 1, 1, 1, 1, 1, 1, 1, 1, 1, 1, 1, 1, 1, 1, 1, 1, 1, 1, 1, 1, 1, 1, 1, 1, 1, 1, 1, 1, 1, 1, 1, 1, 1, 1, 1, 1, 1, 1, 1, 1, 1, 1, 1, 1, 1, 1, 1, 1, 1, 1, 1, 1, 1, 1, 1, 1, 1, 1, 1, 1, 1, 1, 1, 1, 1, 1, 1, 1, 1, 1, 1, 1, 1, 1, 1, 1, 1, 1, 1, 1, 1, 1, 1, 1, 1, 1, 1, 1, 1, 1, 1, 1, 1, 1, 1, 1, 1, 1, 1, 1, 1, 1, 1, 1, 1, 1, 1, 1, 1, 1, 1, 1, 1, 1, 1, 1, 1, 1, 1, 1, 1, 1, 1, 1, 1, 1, 1, 1, 1, 1, 1, 1, 1, 1, 1, 1, 1, 1, 1, 1, 1, 1, 1, 1, 1, 1, 1, 1, 1, 1, 1, 1, 1, 1, 1, 1, 1, 1, 1, 1, 1, 1, 1, 1, 1, 1, 1, 1, 1, 1, 1, 1, 1, 1, 1, 1, 1, 1, 1, 1, 1, 1, 1, 1, 1, 1, 1, 1, 1, 1, 1, 1, 1, 1, 1, 1, 1, 1, 1, 1, 1, 1, 1, 1, 1, 1, 1, 1, 1, 1, 1, 1, 1, 1, 1, 1, 1, 1, 1, 1, 1, 1, 1, 1, 1, 1, 1, 1, 1, 1, 1, 1, 1, 1, 1, 1, 1, 1, 1, 1, 1, 1, 1, 1, 1, 1, 1, 1, 1, 1, 1, 1, 1, 1, 1, 1, 1, 1, 1, 1, 1, 1, 1, 1, 1, 1, 1, 1, 1, 1, 1, 1, 1, 1, 1, 1, 1, 1, 1, 1, 1, 1, 1, 1, 1, 1, 1, 1, 1, 1, 1, 1, 1, 1, 1, 1, 1, 1, 1, 1, 1, 1, 1, 1, 1, 1, 1, 1, 1, 1, 1, 1, 1, 1, 1, 1, 1, 1, 1, 1, 1, 1, 1, 1, 1, 1, 1, 1, 1, 1, 1, 1, 1, 1, 1, 1, 1, 1, 1, 1, 1, 1, 1, 1, 1, 1, 1, 1, 1, 1, 1, 1, 1, 1, 1, 1, 1, 1, 1, 1, 1, 1, 1, 1, 1, 1, 1, 1, 1, 1, 1, 1, 1, 1, 1, 1, 1, 1, 1, 1, 1, 1, 1, 1, 1, 1, 1, 1, 1, 1, 1, 1, 1, 1, 1, 1, 1, 1, 1, 1, 1, 1, 1, 1, 1, 1, 1, 1, 1, 1, 1, 1, 1, 1, 1, 1, 1, 1, 1, 1, 1, 1, 1, 1, 1, 1, 1, 1, 1, 1, 1, 1, 1, 1, 1, 1, 1, 1, 1, 1, 1, 1, 1, 1, 1, 1, 1, 1, 1, 1, 1, 1, 1, 1, 1, 1, 1, 1, 1, 1, 1, 1, 1, 1, 1, 1, 1, 1, 1, 1, 1, 1, 1, 1, 1, 1, 1, 1, 1, 1, 1, 1, 1, 1, 1]

----------------------------------------
Signal: Position Feedback
Data Points: 2000
Values: [-8.040000000000001, -8.040000000000001, -8.040000000000001, -8.040000000000001, -8.040000000000001, -8.040000000000001, -8.040000000000001, -8.040000000000001, -8.040000000000001, -8.040000000000001, -8.040000000000001, -8.040000000000001, -8.040000000000001, -8.040000000000001, -8.040000000000001, -8.040000000000001, -8.040000000000001, -8.040000000000001, -8.040000000000001, -8.040000000000001, -8.040000000000001, -8.040000000000001, -8.040000000000001, -8.040000000000001, -8.040000000000001, -8.040000000000001, -8.040000000000001, -8.040000000000001, -8.040000000000001, -8.040000000000001, -8.040000000000001, -8.040000000000001, -8.040000000000001, -8.040000000000001, -8.040000000000001, -8.040000000000001, -8.040000000000001, -8.040000000000001, -8.040000000000001, -8.040000000000001, -8.040000000000001, -8.040000000000001, -8.040000000000001, -8.040000000000001, -8.040000000000001, -8.040000000000001, -8.040000000000001, -8.040000000000001, -8.040000000000001, -8.040000000000001, -8.040000000000001, -8.040000000000001, -8.040000000000001, -8.040000000000001, -8.040000000000001, -8.040000000000001, -8.040000000000001, -8.040000000000001, -8.040000000000001, -8.040000000000001, -8.040000000000001, -8.040000000000001, -8.040000000000001, -8.040000000000001, -8.040000000000001, -8.040000000000001, -8.040000000000001, -8.040000000000001, -8.040000000000001, -8.040000000000001, -8.040000000000001, -8.040000000000001, -8.040000000000001, -8.040000000000001, -8.040000000000001, -8.040000000000001, -8.040000000000001, -8.040000000000001, -8.040000000000001, -8.040000000000001, -8.040000000000001, -8.040000000000001, -8.040000000000001, -8.040000000000001, -8.040000000000001, -8.040000000000001, -8.040000000000001, -8.040000000000001, -8.040000000000001, -8.040000000000001, -8.040000000000001, -8.040000000000001, -8.040000000000001, -8.040000000000001, -8.040000000000001, -8.040000000000001, -8.040000000000001, -8.040000000000001, -8.040000000000001, -8.040000000000001, -8.040000000000001, -8.040000000000001, -8.040000000000001, -8.040000000000001, -8.040000000000001, -8.040000000000001, -8.040000000000001, -8.040000000000001, -8.040000000000001, -8.040000000000001, -8.040000000000001, -8.040000000000001, -8.040000000000001, -8.040000000000001, -8.040000000000001, -8.040000000000001, -8.040000000000001, -8.040000000000001, -8.040000000000001, -8.040000000000001, -8.040000000000001, -8.040000000000001, -8.040000000000001, -8.040000000000001, -8.040000000000001, -8.040000000000001, -8.040000000000001, -8.040000000000001, -8.040000000000001, -8.040000000000001, -8.040000000000001, -8.040000000000001, -8.040000000000001, -8.040000000000001, -8.040000000000001, -8.040000000000001, -8.040000000000001, -8.040000000000001, -8.040000000000001, -8.040000000000001, -8.040000000000001, -8.040000000000001, -8.040000000000001, -8.040000000000001, -8.040000000000001, -8.040000000000001, -8.040000000000001, -8.040000000000001, -8.040000000000001, -8.040000000000001, -8.040000000000001, -8.040000000000001, -8.040000000000001, -8.040000000000001, -8.040000000000001, -8.040000000000001, -8.040000000000001, -8.040000000000001, -8.040000000000001, -8.040000000000001, -8.040000000000001, -8.040000000000001, -8.040000000000001, -8.040000000000001, -8.040000000000001, -8.040000000000001, -8.040000000000001, -8.040000000000001, -8.040000000000001, -8.040000000000001, -8.040000000000001, -8.040000000000001, -8.040000000000001, -8.040000000000001, -8.040000000000001, -8.040000000000001, -8.040000000000001, -8.040000000000001, -8.040000000000001, -8.040000000000001, -8.040000000000001, -8.040000000000001, -8.040000000000001, -8.040000000000001, -8.040000000000001, -8.040000000000001, -8.040000000000001, -8.040000000000001, -8.040000000000001, -8.040000000000001, -8.040000000000001, -8.040000000000001, -8.040000000000001, -8.040000000000001, -8.040000000000001, -8.040000000000001, -8.040000000000001, -8.040000000000001, -8.040000000000001, -8.040000000000001, -8.040000000000001, -8.040000000000001, -8.040000000000001, -8.040000000000001, -8.040000000000001, -8.040000000000001, -8.040000000000001, -8.040000000000001, -8.040000000000001, -8.040000000000001, -8.040000000000001, -8.040000000000001, -8.040000000000001, -8.040000000000001, -8.040000000000001, -8.040000000000001, -8.040000000000001, -8.040000000000001, -8.040000000000001, -8.040000000000001, -8.040000000000001, -8.040000000000001, -8.040000000000001, -8.040000000000001, -8.040000000000001, -8.040000000000001, -8.040000000000001, -8.040000000000001, -8.040000000000001, -8.040000000000001, -8.040000000000001, -8.040000000000001, -8.040000000000001, -8.040000000000001, -8.040000000000001, -8.040000000000001, -8.040000000000001, -8.040000000000001, -8.040000000000001, -8.040000000000001, -8.040000000000001, -8.040000000000001, -8.040000000000001, -8.040000000000001, -8.040000000000001, -8.040000000000001, -8.040000000000001, -8.040000000000001, -8.040000000000001, -8.040000000000001, -8.040000000000001, -8.040000000000001, -8.040000000000001, -8.040000000000001, -8.040000000000001, -8.040000000000001, -8.040000000000001, -8.040000000000001, -8.040000000000001, -8.040000000000001, -8.040000000000001, -8.040000000000001, -8.040000000000001, -8.040000000000001, -8.040000000000001, -8.040000000000001, -8.040000000000001, -8.040000000000001, -8.040000000000001, -8.040000000000001, -8.040000000000001, -8.040000000000001, -8.040000000000001, -8.040000000000001, -8.040000000000001, -8.040000000000001, -8.040000000000001, -8.040000000000001, -8.040000000000001, -8.040000000000001, -8.040000000000001, -8.040000000000001, -8.040000000000001, -8.040000000000001, -8.040000000000001, -8.040000000000001, -8.040000000000001, -8.040000000000001, -8.040000000000001, -8.040000000000001, -8.040000000000001, -8.040000000000001, -8.040000000000001, -8.040000000000001, -8.040000000000001, -8.040000000000001, -8.040000000000001, -8.040000000000001, -8.040000000000001, -8.040000000000001, -8.040000000000001, -8.040000000000001, -8.040000000000001, -8.040000000000001, -8.040000000000001, -8.040000000000001, -8.040000000000001, -8.040000000000001, -8.040000000000001, -8.040000000000001, -8.040000000000001, -8.040000000000001, -8.040000000000001, -8.040000000000001, -8.040000000000001, -8.040000000000001, -8.040000000000001, -8.040000000000001, -8.040000000000001, -8.040000000000001, -8.040000000000001, -8.040000000000001, -8.040000000000001, -8.040000000000001, -8.040000000000001, -8.040000000000001, -8.040000000000001, -8.040000000000001, -8.040000000000001, -8.040000000000001, -8.040000000000001, -8.040000000000001, -8.040000000000001, -8.040000000000001, -8.040000000000001, -8.040000000000001, -8.040000000000001, -8.040000000000001, -8.040000000000001, -8.040000000000001, -8.040000000000001, -8.040000000000001, -8.040000000000001, -8.040000000000001, -8.040000000000001, -8.040000000000001, -8.040000000000001, -8.040000000000001, -8.040000000000001, -8.040000000000001, -8.040000000000001, -8.040000000000001, -8.040000000000001, -8.040000000000001, -8.040000000000001, -8.040000000000001, -8.040000000000001, -8.040000000000001, -8.040000000000001, -8.040000000000001, -8.040000000000001, -8.040000000000001, -8.040000000000001, -8.040000000000001, -8.040000000000001, -8.040000000000001, -8.040000000000001, -8.040000000000001, -8.040000000000001, -8.040000000000001, -8.040000000000001, -8.040000000000001, -8.040000000000001, -8.040000000000001, -8.040000000000001, -8.040000000000001, -8.040000000000001, -8.040000000000001, -8.040000000000001, -8.040000000000001, -8.040000000000001, -8.040000000000001, -8.040000000000001, -8.040000000000001, -8.040000000000001, -8.040000000000001, -8.040000000000001, -8.040000000000001, -8.040000000000001, -8.040000000000001, -8.040000000000001, -8.040000000000001, -8.040000000000001, -8.040000000000001, -8.040000000000001, -8.040000000000001, -8.040000000000001, -8.040000000000001, -8.040000000000001, -8.040000000000001, -8.040000000000001, -8.040000000000001, -8.040000000000001, -8.040000000000001, -8.040000000000001, -8.040000000000001, -8.040000000000001, -8.040000000000001, -8.040000000000001, -8.040000000000001, -8.040000000000001, -8.040000000000001, -8.040000000000001, -8.040000000000001, -8.040000000000001, -8.040000000000001, -8.040000000000001, -8.040000000000001, -8.040000000000001, -8.040000000000001, -8.040000000000001, -8.040000000000001, -8.040000000000001, -8.040000000000001, -8.040000000000001, -8.040000000000001, -8.040000000000001, -8.040000000000001, -8.040000000000001, -8.040000000000001, -8.040000000000001, -8.040000000000001, -8.040000000000001, -8.040000000000001, -8.040000000000001, -8.040000000000001, -8.040000000000001, -8.040000000000001, -8.040000000000001, -8.040000000000001, -8.040000000000001, -8.040000000000001, -8.040000000000001, -8.040000000000001, -8.040000000000001, -8.040000000000001, -8.040000000000001, -8.040000000000001, -8.040000000000001, -8.040000000000001, -8.040000000000001, -8.040000000000001, -8.040000000000001, -8.040000000000001, -8.040000000000001, -8.040000000000001, -8.040000000000001, -8.040000000000001, -8.040000000000001, -8.040000000000001, -8.040000000000001, -8.040000000000001, -8.040000000000001, -8.040000000000001, -8.040000000000001, -8.040000000000001, -8.040000000000001, -8.040000000000001, -8.040000000000001, -8.040000000000001, -8.040000000000001, -8.040000000000001, -8.040000000000001, -8.040000000000001, -8.040000000000001, -8.040000000000001, -8.040000000000001, -8.040000000000001, -8.040000000000001, -8.040000000000001, -8.040000000000001, -8.040000000000001, -8.040000000000001, -8.040000000000001, -8.040000000000001, -8.040000000000001, -8.040000000000001, -8.040000000000001, -8.040000000000001, -8.040000000000001, -8.040000000000001, -8.040000000000001, -8.040000000000001, -8.040000000000001, -8.040000000000001, -8.040000000000001, -8.040000000000001, -8.040000000000001, -8.040000000000001, -8.040000000000001, -8.040000000000001, -8.040000000000001, -8.040000000000001, -8.040000000000001, -8.040000000000001, -8.040000000000001, -8.040000000000001, -8.040000000000001, -8.040000000000001, -8.040000000000001, -8.040000000000001, -8.040000000000001, -8.040000000000001, -8.040000000000001, -8.040000000000001, -8.040000000000001, -8.040000000000001, -8.040000000000001, -8.040000000000001, -8.040000000000001, -8.040000000000001, -8.040000000000001, -8.040000000000001, -8.040000000000001, -8.040000000000001, -8.040000000000001, -8.040000000000001, -8.040000000000001, -8.040000000000001, -8.040000000000001, -8.040000000000001, -8.040000000000001, -8.040000000000001, -8.040000000000001, -8.040000000000001, -8.040000000000001, -8.040000000000001, -8.040000000000001, -8.040000000000001, -8.040000000000001, -8.040000000000001, -8.040000000000001, -8.040000000000001, -8.040000000000001, -8.040000000000001, -8.040000000000001, -8.040000000000001, -8.040000000000001, -8.040000000000001, -8.040000000000001, -8.040000000000001, -8.040000000000001, -8.040000000000001, -8.040000000000001, -8.040000000000001, -8.040000000000001, -8.040000000000001, -8.040000000000001, -8.040000000000001, -8.040000000000001, -8.040000000000001, -8.040000000000001, -8.040000000000001, -8.040000000000001, -8.040000000000001, -8.040000000000001, -8.040000000000001, -8.040000000000001, -8.040000000000001, -8.040000000000001, -8.040000000000001, -8.040000000000001, -8.040000000000001, -8.040000000000001, -8.040000000000001, -8.040000000000001, -8.040000000000001, -8.040000000000001, -8.040000000000001, -8.040000000000001, -8.040000000000001, -8.040000000000001, -8.040000000000001, -8.040000000000001, -8.040000000000001, -8.040000000000001, -8.040000000000001, -8.040000000000001, -8.040000000000001, -8.040000000000001, -8.040000000000001, -8.040000000000001, -8.040000000000001, -8.040000000000001, -8.040000000000001, -8.040000000000001, -8.040000000000001, -8.040000000000001, -8.040000000000001, -8.040000000000001, -8.040000000000001, -8.040000000000001, -8.040000000000001, -8.040000000000001, -8.040000000000001, -8.040000000000001, -8.040000000000001, -8.040000000000001, -8.040000000000001, -8.040000000000001, -8.040000000000001, -8.040000000000001, -8.040000000000001, -8.040000000000001, -8.040000000000001, -8.040000000000001, -8.040000000000001, -8.040000000000001, -8.040000000000001, -8.040000000000001, -8.040000000000001, -8.040000000000001, -8.040000000000001, -8.040000000000001, -8.040000000000001, -8.040000000000001, -8.040000000000001, -8.040000000000001, -8.040000000000001, -8.040000000000001, -8.040000000000001, -8.040000000000001, -8.040000000000001, -8.040000000000001, -8.040000000000001, -8.040000000000001, -8.040000000000001, -8.040000000000001, -8.040000000000001, -8.040000000000001, -8.040000000000001, -8.040000000000001, -8.040000000000001, -8.040000000000001, -8.040000000000001, -8.040000000000001, -8.040000000000001, -8.040000000000001, -8.040000000000001, -8.040000000000001, -8.040000000000001, -8.040000000000001, -8.040000000000001, -8.040000000000001, -8.040000000000001, -8.040000000000001, -8.040000000000001, -8.040000000000001, -8.040000000000001, -8.040000000000001, -8.040000000000001, -8.040000000000001, -8.040000000000001, -8.040000000000001, -8.040000000000001, -8.040000000000001, -8.040000000000001, -8.040000000000001, -8.040000000000001, -8.040000000000001, -8.040000000000001, -8.040000000000001, -8.040000000000001, -8.040000000000001, -8.040000000000001, -8.040000000000001, -8.040000000000001, -8.040000000000001, -8.040000000000001, -8.040000000000001, -8.040000000000001, -8.040000000000001, -8.040000000000001, -8.040000000000001, -8.040000000000001, -8.040000000000001, -8.040000000000001, -8.040000000000001, -8.040000000000001, -8.040000000000001, -8.040000000000001, -8.040000000000001, -8.040000000000001, -8.040000000000001, -8.040000000000001, -8.040000000000001, -8.040000000000001, -8.040000000000001, -8.040000000000001, -8.040000000000001, -8.040000000000001, -8.040000000000001, -8.040000000000001, -8.040000000000001, -8.040000000000001, -8.040000000000001, -8.040000000000001, -8.040000000000001, -8.040000000000001, -8.040000000000001, -8.040000000000001, -8.040000000000001, -8.040000000000001, -8.040000000000001, -8.040000000000001, -8.040000000000001, -8.040000000000001, -8.040000000000001, -8.040000000000001, -8.040000000000001, -8.040000000000001, -8.040000000000001, -8.040000000000001, -8.040000000000001, -8.040000000000001, -8.040000000000001, -8.040000000000001, -8.040000000000001, -8.040000000000001, -8.040000000000001, -8.040000000000001, -8.040000000000001, -8.040000000000001, -8.040000000000001, -8.040000000000001, -8.040000000000001, -8.040000000000001, -8.040000000000001, -8.040000000000001, -8.040000000000001, -8.040000000000001, -8.040000000000001, -8.040000000000001, -8.040000000000001, -8.040000000000001, -8.040000000000001, -8.040000000000001, -8.040000000000001, -8.040000000000001, -8.040000000000001, -8.040000000000001, -8.040000000000001, -8.040000000000001, -8.040000000000001, -8.040000000000001, -8.040000000000001, -8.040000000000001, -8.040000000000001, -8.040000000000001, -8.040000000000001, -8.040000000000001, -8.040000000000001, -8.040000000000001, -8.040000000000001, -8.040000000000001, -8.040000000000001, -8.040000000000001, -8.040000000000001, -8.040000000000001, -8.040000000000001, -8.040000000000001, -8.040000000000001, -8.040000000000001, -8.040000000000001, -8.040000000000001, -8.040000000000001, -8.040000000000001, -8.040000000000001, -8.040000000000001, -8.040000000000001, -8.040000000000001, -8.040000000000001, -8.040000000000001, -8.040000000000001, -8.040000000000001, -8.040000000000001, -8.040000000000001, -8.040000000000001, -8.040000000000001, -8.040000000000001, -8.040000000000001, -8.040000000000001, -8.040000000000001, -8.040000000000001, -8.040000000000001, -8.040000000000001, -8.040000000000001, -8.040000000000001, -8.040000000000001, -8.040000000000001, -8.040000000000001, -8.040000000000001, -8.040000000000001, -8.040000000000001, -8.040000000000001, -8.040000000000001, -8.040000000000001, -8.040000000000001, -8.040000000000001, -8.040000000000001, -8.040000000000001, -8.040000000000001, -8.040000000000001, -8.040000000000001, -8.040000000000001, -8.040000000000001, -8.040000000000001, -8.040000000000001, -8.040000000000001, -8.040000000000001, -8.040000000000001, -8.040000000000001, -8.040000000000001, -8.040000000000001, -8.040000000000001, -8.040000000000001, -8.040000000000001, -8.040000000000001, -8.040000000000001, -8.040000000000001, -8.040000000000001, -8.040000000000001, -8.040000000000001, -8.040000000000001, -8.040000000000001, -8.040000000000001, -8.040000000000001, -8.040000000000001, -8.040000000000001, -8.040000000000001, -8.040000000000001, -8.040000000000001, -8.040000000000001, -8.040000000000001, -8.040000000000001, -8.040000000000001, -8.040000000000001, -8.040000000000001, -8.040000000000001, -8.040000000000001, -8.040000000000001, -8.040000000000001, -8.040000000000001, -8.040000000000001, -8.040000000000001, -8.040000000000001, -8.040000000000001, -8.040000000000001, -8.040000000000001, -8.040000000000001, -8.040000000000001, -8.040000000000001, -8.040000000000001, -8.040000000000001, -8.040000000000001, -8.040000000000001, -8.040000000000001, -8.040000000000001, -8.040000000000001, -8.040000000000001, -8.040000000000001, -8.040000000000001, -8.040000000000001, -8.040000000000001, -8.040000000000001, -8.040000000000001, -8.040000000000001, -8.040000000000001, -8.040000000000001, -8.040000000000001, -8.040000000000001, -8.040000000000001, -8.040000000000001, -8.040000000000001, -8.040000000000001, -8.040000000000001, -8.040000000000001, -8.040000000000001, -8.040000000000001, -8.040000000000001, -8.040000000000001, -8.040000000000001, -8.040000000000001, -8.040000000000001, -8.040000000000001, -8.040000000000001, -8.040000000000001, -8.040000000000001, -8.040000000000001, -8.040000000000001, -8.040000000000001, -8.040000000000001, -8.040000000000001, -8.040000000000001, -8.040000000000001, -8.040000000000001, -8.040000000000001, -8.040000000000001, -8.040000000000001, -8.040000000000001, -8.040000000000001, -8.040000000000001, -8.040000000000001, -8.040000000000001, -8.040000000000001, -8.040000000000001, -8.040000000000001, -8.040000000000001, -8.040000000000001, -8.040000000000001, -8.040000000000001, -8.040000000000001, -8.040000000000001, -8.040000000000001, -8.040000000000001, -8.040000000000001, -8.040000000000001, -8.040000000000001, -8.0405, -8.040000000000001, -8.0405, -8.0405, -8.0405, -8.0405, -8.0405, -8.0405, -8.0405, -8.0405, -8.0405, -8.0405, -8.0405, -8.0405, -8.0405, -8.0405, -8.0405, -8.0405, -8.0405, -8.0405, -8.0405, -8.0405, -8.0405, -8.0405, -8.0405, -8.0405, -8.0405, -8.0405, -8.0405, -8.0405, -8.0405, -8.0405, -8.0405, -8.0405, -8.0405, -8.0405, -8.0405, -8.0405, -8.0405, -8.0405, -8.0405, -8.0405, -8.0405, -8.0405, -8.0405, -8.0405, -8.0405, -8.0405, -8.0405, -8.0405, -8.0405, -8.0405, -8.0405, -8.0405, -8.0405, -8.0405, -8.0405, -8.0405, -8.0405, -8.0405, -8.0405, -8.0405, -8.0405, -8.0405, -8.0405, -8.0405, -8.0405, -8.0405, -8.0405, -8.0405, -8.0405, -8.0405, -8.0405, -8.0405, -8.0405, -8.0405, -8.0405, -8.0405, -8.0405, -8.0405, -8.0405, -8.0405, -8.0405, -8.0405, -8.0405, -8.0405, -8.0405, -8.0405, -8.0405, -8.0405, -8.0405, -8.0405, -8.0405, -8.0405, -8.0405, -8.0405, -8.0405, -8.0405, -8.0405, -8.0405, -8.0405, -8.0405, -8.0405, -8.0405, -8.0405, -8.0405, -8.0405, -8.0405, -8.0405, -8.0405, -8.0405, -8.0405, -8.0405, -8.0405, -8.0405, -8.0405, -8.0405, -8.0405, -8.0405, -8.0405, -8.0405, -8.0405, -8.0405, -8.0405, -8.0405, -8.0405, -8.0405, -8.0405, -8.0405, -8.0405, -8.0405, -8.0405, -8.0405, -8.0405, -8.0405, -8.0405, -8.0405, -8.0405, -8.0405, -8.0405, -8.0405, -8.0405, -8.0405, -8.0405, -8.0405, -8.0405, -8.0405, -8.0405, -8.0405, -8.0405, -8.0405, -8.0405, -8.0405, -8.0405, -8.0405, -8.0405, -8.0405, -8.0405, -8.0405, -8.0405, -8.0405, -8.0405, -8.0405, -8.0405, -8.0405, -8.0405, -8.0405, -8.0405, -8.0405, -8.0405, -8.0405, -8.0405, -8.0405, -8.0405, -8.0405, -8.0405, -8.0405, -8.0405, -8.0405, -8.0405, -8.0405, -8.0405, -8.0405, -8.0405, -8.0405, -8.0405, -8.0405, -8.0405, -8.0405, -8.0405, -8.0405, -8.0405, -8.0405, -8.0405, -8.0405, -8.0405, -8.0405, -8.0405, -8.0405, -8.0405, -8.0405, -8.0405, -8.0405, -8.0405, -8.0405, -8.0405, -8.0405, -8.0405, -8.0405, -8.0405, -8.0405, -8.0405, -8.0405, -8.0405, -8.0405, -8.0405, -8.0405, -8.0405, -8.0405, -8.0405, -8.0405, -8.0405, -8.0405, -8.0405, -8.0405, -8.0405, -8.0405, -8.0405, -8.0405, -8.0405, -8.0405, -8.0405, -8.0405, -8.0405, -8.0405, -8.0405, -8.0405, -8.0405, -8.0405, -8.0405, -8.0405, -8.0405, -8.0405, -8.0405, -8.0405, -8.0405, -8.0405, -8.0405, -8.0405, -8.0405, -8.0405, -8.0405, -8.0405, -8.0405, -8.0405, -8.0405, -8.0405, -8.0405, -8.0405, -8.0405, -8.0405, -8.0405, -8.0405, -8.0405, -8.0405, -8.0405, -8.0405, -8.0405, -8.0405, -8.0405, -8.0405, -8.0405, -8.0405, -8.0405, -8.0405, -8.0405, -8.0405, -8.0405, -8.0405, -8.0405, -8.0405, -8.0405, -8.0405, -8.0405, -8.0405, -8.0405, -8.0405, -8.0405, -8.0405, -8.0405, -8.0405, -8.0405, -8.0405, -8.0405, -8.0405, -8.0405, -8.0405, -8.0405, -8.0405, -8.0405, -8.0405, -8.0405, -8.0405, -8.0405, -8.0405, -8.0405, -8.0405, -8.0405, -8.0405, -8.0405, -8.0405, -8.0405, -8.0405, -8.0405, -8.0405, -8.0405, -8.0405, -8.0405, -8.0405, -8.0405, -8.0405, -8.0405, -8.0405, -8.0405, -8.0405, -8.0405, -8.0405, -8.0405, -8.0405, -8.0405, -8.0405, -8.0405, -8.0405, -8.0405, -8.0405, -8.0405, -8.0405, -8.0405, -8.0405, -8.0405, -8.0405, -8.0405, -8.0405, -8.0405, -8.0405, -8.0405, -8.0405, -8.0405, -8.0405, -8.0405, -8.0405, -8.0405, -8.0405, -8.0405, -8.0405, -8.0405, -8.0405, -8.0405, -8.0405, -8.0405, -8.0405, -8.0405, -8.0405, -8.0405, -8.0405, -8.0405, -8.0405, -8.0405, -8.0405, -8.0405, -8.0405, -8.0405, -8.0405, -8.0405, -8.0405, -8.0405, -8.0405, -8.0405, -8.0405, -8.0405, -8.0405, -8.0405, -8.0405, -8.0405, -8.0405, -8.0405, -8.0405, -8.0405, -8.0405, -8.0405, -8.0405, -8.0405, -8.0405, -8.0405, -8.0405, -8.0405, -8.0405, -8.0405, -8.0405, -8.0405, -8.0405, -8.0405, -8.0405, -8.0405, -8.0405, -8.0405, -8.0405, -8.0405, -8.0405, -8.0405, -8.0405, -8.0405, -8.0405, -8.0405, -8.0405, -8.0405, -8.0405, -8.0405, -8.0405, -8.0405, -8.0405, -8.0405, -8.0405, -8.0405, -8.0405, -8.0405, -8.0405, -8.0405, -8.0405, -8.0405, -8.0405, -8.0405, -8.0405, -8.0405, -8.0405, -8.0405, -8.0405, -8.0405, -8.0405, -8.0405, -8.0405, -8.0405, -8.0405, -8.0405, -8.0405, -8.0405, -8.0405, -8.0405, -8.0405, -8.0405, -8.0405, -8.0405, -8.0405, -8.0405, -8.0405, -8.0405, -8.0405, -8.0405, -8.0405, -8.0405, -8.0405, -8.0405, -8.0405, -8.0405, -8.0405, -8.0405, -8.0405, -8.0405, -8.0405, -8.0405, -8.0405, -8.0405, -8.0405, -8.0405, -8.0405, -8.0405, -8.0405, -8.0405, -8.0405, -8.0405, -8.0405, -8.0405, -8.0405, -8.0405, -8.0405, -8.0405, -8.0405, -8.0405, -8.0405, -8.0405, -8.0405, -8.0405, -8.0405, -8.0405, -8.0405, -8.0405, -8.0405, -8.0405, -8.0405, -8.0405, -8.0405, -8.0405, -8.0405, -8.0405, -8.0405, -8.0405, -8.0405, -8.0405, -8.0405, -8.0405, -8.0405, -8.0405, -8.0405, -8.0405, -8.0405, -8.0405, -8.0405, -8.0405, -8.0405, -8.0405, -8.0405, -8.0405, -8.0405, -8.0405, -8.0405, -8.0405, -8.0405, -8.0405, -8.0405, -8.0405, -8.0405, -8.0405, -8.0405, -8.0405, -8.0405, -8.0405, -8.0405, -8.0405, -8.0405, -8.0405, -8.0405, -8.0405, -8.0405, -8.0405, -8.0405, -8.0405, -8.0405, -8.0405, -8.0405, -8.0405, -8.0405, -8.0405, -8.0405, -8.0405, -8.0405, -8.0405, -8.0405, -8.0405, -8.0405, -8.0405, -8.0405, -8.0405, -8.0405, -8.0405, -8.0405, -8.0405, -8.0405, -8.0405, -8.0405, -8.0405, -8.0405, -8.0405, -8.0405, -8.0405, -8.0405, -8.0405, -8.0405, -8.0405, -8.0405, -8.0405, -8.0405, -8.0405, -8.0405, -8.0405, -8.0405, -8.0405, -8.0405, -8.0405, -8.0405, -8.0405, -8.0405, -8.0405, -8.0405, -8.0405, -8.0405, -8.0405, -8.0405, -8.0405, -8.0405, -8.0405, -8.0405, -8.0405, -8.0405, -8.0405, -8.0405, -8.0405, -8.0405, -8.0405, -8.0405, -8.0405, -8.0405, -8.0405, -8.0405, -8.0405, -8.0405, -8.0405, -8.0405, -8.0405, -8.0405, -8.0405, -8.0405, -8.0405, -8.0405, -8.0405, -8.0405, -8.0405, -8.0405, -8.0405, -8.0405, -8.0405, -8.0405, -8.0405, -8.0405, -8.0405, -8.0405, -8.0405, -8.0405, -8.0405, -8.0405, -8.0405, -8.0405, -8.0405, -8.0405, -8.0405, -8.0405, -8.0405, -8.0405, -8.0405, -8.0405, -8.0405, -8.0405, -8.0405, -8.0405, -8.0405, -8.0405, -8.0405, -8.0405, -8.0405, -8.0405, -8.0405, -8.0405, -8.0405, -8.0405, -8.0405, -8.0405, -8.0405, -8.0405, -8.0405, -8.0405, -8.0405, -8.0405, -8.0405, -8.0405, -8.0405, -8.0405, -8.0405, -8.0405, -8.0405, -8.0405, -8.0405, -8.0405, -8.0405, -8.0405, -8.0405, -8.0405, -8.0405, -8.0405, -8.0405, -8.0405, -8.0405, -8.0405, -8.0405, -8.0405, -8.0405, -8.0405, -8.0405, -8.0405, -8.0405, -8.0405, -8.0405, -8.0405, -8.0405, -8.0405, -8.0405, -8.0405, -8.0405, -8.0405, -8.0405, -8.0405, -8.0405, -8.0405, -8.0405, -8.0405, -8.0405, -8.0405, -8.0405, -8.0405, -8.0405, -8.0405, -8.0405, -8.0405, -8.0405, -8.0405, -8.0405, -8.0405, -8.0405, -8.0405, -8.0405, -8.0405, -8.0405, -8.0405, -8.0405, -8.0405, -8.0405, -8.0405, -8.0405, -8.0405, -8.0405, -8.0405, -8.0405, -8.0405, -8.0405, -8.0405, -8.0405, -8.0405, -8.0405, -8.0405, -8.0405, -8.0405, -8.0405, -8.0405, -8.0405, -8.0405, -8.0405, -8.0405, -8.0405, -8.0405, -8.0405, -8.0405, -8.0405, -8.0405, -8.0405, -8.0405, -8.0405, -8.0405, -8.0405, -8.0405, -8.0405, -8.0405, -8.0405, -8.0405, -8.0405, -8.0405, -8.0405, -8.0405, -8.0405, -8.0405, -8.0405, -8.0405, -8.0405, -8.0405, -8.0405, -8.0405, -8.0405, -8.0405, -8.0405, -8.0405, -8.0405, -8.0405, -8.0405, -8.0405, -8.0405, -8.0405, -8.0405, -8.0405, -8.0405, -8.0405, -8.0405, -8.0405, -8.0405, -8.0405, -8.0405, -8.0405, -8.0405, -8.0405, -8.0405, -8.0405, -8.0405, -8.0405, -8.0405, -8.0405, -8.0405, -8.0405, -8.0405, -8.0405, -8.0405, -8.0405, -8.0405, -8.0405, -8.0405, -8.0405, -8.0405, -8.0405, -8.0405, -8.0405, -8.0405, -8.0405, -8.0405, -8.0405, -8.0405, -8.0405, -8.0405, -8.0405, -8.0405, -8.0405, -8.0405, -8.0405, -8.0405, -8.0405, -8.0405, -8.0405, -8.0405, -8.0405, -8.0405, -8.0405, -8.0405, -8.0405, -8.0405, -8.0405, -8.0405, -8.0405, -8.0405, -8.0405, -8.0405, -8.0405, -8.0405, -8.0405, -8.0405, -8.0405, -8.0405, -8.0405, -8.0405, -8.0405, -8.0405, -8.0405, -8.0405, -8.0405, -8.0405, -8.0405, -8.0405, -8.0405, -8.0405, -8.0405, -8.0405, -8.0405, -8.0405, -8.0405, -8.0405, -8.0405, -8.0405, -8.0405, -8.0405, -8.0405, -8.0405, -8.0405, -8.0405, -8.0405, -8.0405, -8.0405, -8.0405, -8.0405, -8.0405, -8.0405, -8.0405, -8.0405, -8.0405, -8.0405, -8.0405, -8.041, -8.041, -8.041, -8.041, -8.041, -8.041, -8.041, -8.041, -8.041, -8.041, -8.041, -8.041, -8.041, -8.041, -8.041, -8.041, -8.041, -8.041, -8.041, -8.041, -8.041, -8.041, -8.041, -8.041, -8.041, -8.041, -8.041, -8.041, -8.041, -8.041, -8.041, -8.041, -8.041, -8.041, -8.041, -8.041, -8.041, -8.041, -8.041, -8.041, -8.041, -8.041, -8.041, -8.041, -8.041, -8.041, -8.041, -8.041, -8.041, -8.041, -8.041, -8.041, -8.041, -8.041, -8.041, -8.041, -8.041, -8.041, -8.041, -8.041, -8.041, -8.041, -8.041, -8.041, -8.041, -8.041, -8.041, -8.041, -8.041, -8.041, -8.041, -8.041, -8.041, -8.041, -8.041, -8.041, -8.041, -8.041, -8.041, -8.041, -8.041, -8.041, -8.041, -8.041, -8.041, -8.041, -8.041, -8.041, -8.041, -8.041, -8.041, -8.041, -8.041, -8.041, -8.041, -8.041, -8.041, -8.041, -8.041, -8.041, -8.041, -8.041, -8.041, -8.041, -8.041, -8.041, -8.041, -8.041, -8.041, -8.041, -8.041, -8.041, -8.041, -8.041, -8.041, -8.041, -8.041, -8.041, -8.041, -8.041, -8.041, -8.041, -8.041, -8.041, -8.041, -8.041, -8.041, -8.041, -8.041, -8.041, -8.041, -8.041, -8.041, -8.041, -8.041, -8.041, -8.041, -8.041, -8.041, -8.041, -8.041, -8.041, -8.041, -8.041, -8.041, -8.041, -8.041, -8.041, -8.041, -8.041, -8.041, -8.041, -8.041, -8.041, -8.041, -8.041, -8.041, -8.041, -8.041, -8.041, -8.041, -8.041, -8.041, -8.041, -8.041, -8.041, -8.041, -8.041, -8.041, -8.041, -8.041, -8.041, -8.041, -8.041]

----------------------------------------
