Signal Data Log
========================================

Signal: Fault Bit Toggled
Data Points: 2000
Values: [0, 0, 0, 0, 0, 0, 0, 0, 0, 0, 0, 1, 1, 1, 1, 1, 1, 1, 1, 1, 1, 1, 1, 1, 1, 1, 1, 1, 1, 1, 1, 1, 1, 1, 1, 1, 1, 1, 1, 1, 1, 1, 1, 1, 1, 1, 1, 1, 1, 1, 1, 1, 1, 1, 1, 1, 1, 1, 1, 1, 1, 1, 1, 1, 1, 1, 1, 1, 1, 1, 1, 1, 1, 1, 1, 1, 1, 1, 1, 1, 1, 1, 1, 1, 1, 1, 1, 1, 1, 1, 1, 1, 1, 1, 1, 1, 1, 1, 1, 1, 1, 1, 1, 1, 1, 1, 1, 1, 1, 1, 1, 1, 1, 1, 1, 1, 1, 1, 1, 1, 1, 1, 1, 1, 1, 1, 1, 1, 1, 1, 1, 1, 1, 1, 1, 1, 1, 1, 1, 1, 1, 1, 1, 1, 1, 1, 1, 1, 1, 1, 1, 1, 1, 1, 1, 1, 1, 1, 1, 1, 1, 1, 1, 1, 1, 1, 1, 1, 1, 1, 1, 1, 1, 1, 1, 1, 1, 1, 1, 1, 1, 1, 1, 1, 1, 1, 1, 1, 1, 1, 1, 1, 1, 1, 1, 1, 1, 1, 1, 1, 1, 1, 1, 1, 1, 1, 1, 1, 1, 1, 1, 1, 1, 1, 1, 1, 1, 1, 1, 1, 1, 1, 1, 1, 1, 1, 1, 1, 1, 1, 1, 1, 1, 1, 1, 1, 1, 1, 1, 1, 1, 1, 1, 1, 1, 1, 1, 1, 1, 1, 1, 1, 1, 1, 1, 1, 1, 1, 1, 1, 1, 1, 1, 1, 1, 1, 1, 1, 1, 1, 1, 1, 1, 1, 1, 1, 1, 1, 1, 1, 1, 1, 1, 1, 1, 1, 1, 1, 1, 1, 1, 1, 1, 1, 1, 1, 1, 1, 1, 1, 1, 1, 1, 1, 1, 1, 1, 1, 1, 1, 1, 1, 1, 1, 1, 1, 1, 1, 1, 1, 1, 1, 1, 1, 1, 1, 1, 1, 1, 1, 1, 1, 1, 1, 1, 1, 1, 1, 1, 1, 1, 1, 1, 1, 1, 1, 1, 1, 1, 1, 1, 1, 1, 1, 1, 1, 1, 1, 1, 1, 1, 1, 1, 1, 1, 1, 1, 1, 1, 1, 1, 1, 1, 1, 1, 1, 1, 1, 1, 1, 1, 1, 1, 1, 1, 1, 1, 1, 1, 1, 1, 1, 1, 1, 1, 1, 1, 1, 1, 1, 1, 1, 1, 1, 1, 1, 1, 1, 1, 1, 1, 1, 1, 1, 1, 1, 1, 1, 1, 1, 1, 1, 1, 1, 1, 1, 1, 1, 1, 1, 1, 1, 1, 1, 1, 1, 1, 1, 1, 1, 1, 1, 1, 1, 1, 1, 1, 1, 1, 1, 1, 1, 1, 1, 1, 1, 1, 1, 1, 1, 1, 1, 1, 1, 1, 1, 1, 1, 1, 1, 1, 1, 1, 1, 1, 1, 1, 1, 1, 1, 1, 1, 1, 1, 1, 1, 1, 1, 1, 1, 1, 1, 1, 1, 1, 1, 1, 1, 1, 1, 1, 1, 1, 1, 1, 1, 1, 1, 1, 1, 1, 1, 1, 1, 1, 1, 1, 1, 1, 1, 1, 1, 1, 1, 1, 1, 1, 1, 1, 1, 1, 1, 1, 1, 1, 1, 1, 1, 1, 1, 1, 1, 1, 1, 1, 1, 1, 1, 1, 1, 1, 1, 1, 1, 1, 1, 1, 1, 1, 1, 1, 1, 1, 1, 1, 1, 1, 1, 1, 1, 1, 1, 1, 1, 1, 1, 1, 1, 1, 1, 1, 1, 1, 1, 1, 1, 1, 1, 1, 1, 1, 1, 1, 1, 1, 1, 1, 1, 1, 1, 1, 1, 1, 1, 1, 1, 1, 1, 1, 1, 1, 1, 1, 1, 1, 1, 1, 1, 1, 1, 1, 1, 1, 1, 1, 1, 1, 1, 1, 1, 1, 1, 1, 1, 1, 1, 1, 1, 1, 1, 1, 1, 1, 1, 1, 1, 1, 1, 1, 1, 1, 1, 1, 1, 1, 1, 1, 1, 1, 1, 1, 1, 1, 1, 1, 1, 1, 1, 1, 1, 1, 1, 1, 1, 1, 1, 1, 1, 1, 1, 1, 1, 1, 1, 1, 1, 1, 1, 1, 1, 1, 1, 1, 1, 1, 1, 1, 1, 1, 1, 1, 1, 1, 1, 1, 1, 1, 1, 1, 1, 1, 1, 1, 1, 1, 1, 1, 1, 1, 1, 1, 1, 1, 1, 1, 1, 1, 1, 1, 1, 1, 1, 1, 1, 1, 1, 1, 1, 1, 1, 1, 1, 1, 1, 1, 1, 1, 1, 1, 1, 1, 1, 1, 1, 1, 1, 1, 1, 1, 1, 1, 1, 1, 1, 1, 1, 1, 1, 1, 1, 1, 1, 1, 1, 1, 1, 1, 1, 1, 1, 1, 1, 1, 1, 1, 1, 1, 1, 1, 1, 1, 1, 1, 1, 1, 1, 1, 1, 1, 1, 1, 1, 1, 1, 1, 1, 1, 1, 1, 1, 1, 1, 1, 1, 1, 1, 1, 1, 1, 1, 1, 1, 1, 1, 1, 1, 1, 1, 1, 1, 1, 1, 1, 1, 1, 1, 1, 1, 1, 1, 1, 1, 1, 1, 1, 1, 1, 1, 1, 1, 1, 1, 1, 1, 1, 1, 1, 1, 1, 1, 1, 1, 1, 1, 1, 1, 1, 1, 1, 1, 1, 1, 1, 1, 1, 1, 1, 1, 1, 1, 1, 1, 1, 1, 1, 1, 1, 1, 1, 1, 1, 1, 1, 1, 1, 1, 1, 1, 1, 1, 1, 1, 1, 1, 1, 1, 1, 1, 1, 1, 1, 1, 1, 1, 1, 1, 1, 1, 1, 1, 1, 1, 1, 1, 1, 1, 1, 1, 1, 1, 1, 1, 1, 1, 1, 1, 1, 1, 1, 1, 1, 1, 1, 1, 1, 1, 1, 1, 1, 1, 1, 1, 1, 1, 1, 1, 1, 1, 1, 1, 1, 1, 1, 1, 1, 1, 1, 1, 1, 1, 1, 1, 1, 1, 1, 1, 1, 1, 1, 1, 1, 1, 1, 1, 1, 1, 1, 1, 1, 1, 1, 1, 1, 1, 1, 1, 1, 1, 1, 1, 1, 1, 1, 1, 1, 1, 1, 1, 1, 1, 1, 1, 1, 1, 1, 1, 1, 1, 1, 1, 1, 1, 1, 1, 1, 1, 1, 1, 1, 1, 1, 1, 1, 1, 1, 1, 1, 1, 1, 1, 1, 1, 1, 1, 1, 1, 1, 1, 1, 1, 1, 1, 1, 1, 1, 1, 1, 1, 1, 1, 1, 1, 1, 1, 1, 1, 1, 1, 1, 1, 1, 1, 1, 1, 1, 1, 1, 1, 1, 1, 1, 1, 1, 1, 1, 1, 1, 1, 1, 1, 1, 1, 1, 1, 1, 1, 1, 1, 1, 1, 1, 1, 1, 1, 1, 1, 1, 1, 1, 1, 1, 1, 1, 1, 1, 1, 1, 1, 1, 1, 1, 1, 1, 1, 1, 1, 1, 1, 1, 1, 1, 1, 1, 1, 1, 1, 1, 1, 1, 1, 1, 1, 1, 1, 1, 1, 1, 1, 1, 1, 1, 1, 1, 1, 1, 1, 1, 1, 1, 1, 1, 1, 1, 1, 1, 1, 1, 1, 1, 1, 1, 1, 1, 1, 1, 1, 1, 1, 1, 1, 1, 1, 1, 1, 1, 1, 1, 1, 1, 1, 1, 1, 1, 1, 1, 1, 1, 1, 1, 1, 1, 1, 1, 1, 1, 1, 1, 1, 1, 1, 1, 1, 1, 1, 1, 1, 1, 1, 1, 1, 1, 1, 1, 1, 1, 1, 1, 1, 1, 1, 1, 1, 1, 1, 1, 1, 1, 1, 1, 1, 1, 1, 1, 1, 1, 1, 1, 1, 1, 1, 1, 1, 1, 1, 1, 1, 1, 1, 1, 1, 1, 1, 1, 1, 1, 1, 1, 1, 1, 1, 1, 1, 1, 1, 1, 1, 1, 1, 1, 1, 1, 1, 1, 1, 1, 1, 1, 1, 1, 1, 1, 1, 1, 1, 1, 1, 1, 1, 1, 1, 1, 1, 1, 1, 1, 1, 1, 1, 1, 1, 1, 1, 1, 1, 1, 1, 1, 1, 1, 1, 1, 1, 1, 1, 1, 1, 1, 1, 1, 1, 1, 1, 1, 1, 1, 1, 1, 1, 1, 1, 1, 1, 1, 1, 1, 1, 1, 1, 1, 1, 1, 1, 1, 1, 1, 1, 1, 1, 1, 1, 1, 1, 1, 1, 1, 1, 1, 1, 1, 1, 1, 1, 1, 1, 1, 1, 1, 1, 1, 1, 1, 1, 1, 1, 1, 1, 1, 1, 1, 1, 1, 1, 1, 1, 1, 1, 1, 1, 1, 1, 1, 1, 1, 1, 1, 1, 1, 1, 1, 1, 1, 1, 1, 1, 1, 1, 1, 1, 1, 1, 1, 1, 1, 1, 1, 1, 1, 1, 1, 1, 1, 1, 1, 1, 1, 1, 1, 1, 1, 1, 1, 1, 1, 1, 1, 1, 1, 1, 1, 1, 1, 1, 1, 1, 1, 1, 1, 1, 1, 1, 1, 1, 1, 1, 1, 1, 1, 1, 1, 1, 1, 1, 1, 1, 1, 1, 1, 1, 1, 1, 1, 1, 1, 1, 1, 1, 1, 1, 1, 1, 1, 1, 1, 1, 1, 1, 1, 1, 1, 1, 1, 1, 1, 1, 1, 1, 1, 1, 1, 1, 1, 1, 1, 1, 1, 1, 1, 1, 1, 1, 1, 1, 1, 1, 1, 1, 1, 1, 1, 1, 1, 1, 1, 1, 1, 1, 1, 1, 1, 1, 1, 1, 1, 1, 1, 1, 1, 1, 1, 1, 1, 1, 1, 1, 1, 1, 1, 1, 1, 1, 1, 1, 1, 1, 1, 1, 1, 1, 1, 1, 1, 1, 1, 1, 1, 1, 1, 1, 1, 1, 1, 1, 1, 1, 1, 1, 1, 1, 1, 1, 1, 1, 1, 1, 1, 1, 1, 1, 1, 1, 1, 1, 1, 1, 1, 1, 1, 1, 1, 1, 1, 1, 1, 1, 1, 1, 1, 1, 1, 1, 1, 1, 1, 1, 1, 1, 1, 1, 1, 1, 1, 1, 1, 1, 1, 1, 1, 1, 1, 1, 1, 1, 1, 1, 1, 1, 1, 1, 1, 1, 1, 1, 1, 1, 1, 1, 1, 1, 1, 1, 1, 1, 1, 1, 1, 1, 1, 1, 1, 1, 1, 1, 1, 1, 1, 1, 1, 1, 1, 1, 1, 1, 1, 1, 1, 1, 1, 1, 1, 1, 1, 1, 1, 1, 1, 1, 1, 1, 1, 1, 1, 1, 1, 1, 1, 1, 1, 1, 1, 1, 1, 1, 1, 1, 1, 1, 1, 1, 1, 1, 1, 1, 1, 1, 1, 1, 1, 1, 1, 1, 1, 1, 1, 1, 1, 1, 1, 1, 1, 1, 1, 1, 1, 1, 1, 1, 1, 1, 1, 1, 1, 1, 1, 1, 1, 1, 1, 1, 1, 1, 1, 1, 1, 1, 1, 1, 1, 1, 1, 1, 1, 1, 1, 1, 1, 1, 1, 1, 1, 1, 1, 1, 1, 1, 1, 1, 1, 1, 1, 1, 1, 1, 1, 1, 1, 1, 1, 1, 1, 1, 1, 1, 1, 1, 1, 1, 1, 1, 1, 1, 1, 1, 1, 1, 1, 1, 1, 1, 1, 1, 1, 1, 1, 1, 1, 1, 1, 1, 1, 1, 1, 1, 1, 1, 1, 1, 1, 1, 1, 1, 1, 1, 1, 1, 1, 1, 1, 1, 1, 1, 1, 1, 1, 1, 1, 1, 1, 1, 1, 1, 1, 1, 1, 1, 1, 1, 1, 1, 1, 1, 1, 1, 1, 1, 1, 1, 1, 1, 1, 1, 1, 1, 1, 1, 1, 1, 1, 1, 1, 1, 1, 1, 1, 1, 1, 1, 1, 1, 1, 1, 1, 1, 1, 1, 1, 1, 1, 1, 1, 1, 1, 1, 1, 1, 1, 1, 1, 1, 1, 1, 1, 1, 1, 1, 1, 1, 1, 1, 1, 1, 1, 1, 1, 1, 1, 1, 1, 1, 1, 1, 1, 1, 1, 1, 1, 1, 1, 1, 1, 1, 1, 1, 1, 1, 1, 1, 1, 1, 1, 1, 1, 1, 1, 1, 1, 1, 1, 1, 1, 1, 1, 1, 1, 1, 1, 1, 1, 1, 1, 1, 1, 1, 1, 1, 1, 1, 1, 1, 1, 1, 1, 1, 1, 1, 1, 1, 1, 1, 1, 1]

----------------------------------------
Signal: Position Feedback
Data Points: 2000
Values: [-7.9045000000000005, -7.9045000000000005, -7.9045000000000005, -7.9045000000000005, -7.9045000000000005, -7.9045000000000005, -7.9045000000000005, -7.9045000000000005, -7.9045000000000005, -7.9045000000000005, -7.9045000000000005, -7.9045000000000005, -7.905, -7.905, -7.905, -7.905, -7.905, -7.905, -7.905, -7.905, -7.905, -7.905, -7.905, -7.905, -7.905, -7.905, -7.905, -7.905, -7.905, -7.905, -7.905, -7.905, -7.905, -7.905, -7.905, -7.905, -7.905, -7.905, -7.905, -7.905, -7.905, -7.905, -7.905, -7.905, -7.905, -7.905, -7.905, -7.905, -7.905, -7.905, -7.905, -7.905, -7.905, -7.905, -7.905, -7.905, -7.905, -7.905, -7.905, -7.905, -7.905, -7.905, -7.905, -7.905, -7.905, -7.905, -7.905, -7.905, -7.905, -7.905, -7.905, -7.905, -7.905, -7.905, -7.905, -7.905, -7.905, -7.905, -7.905, -7.905, -7.905, -7.905, -7.905, -7.905, -7.905, -7.905, -7.905, -7.905, -7.905, -7.905, -7.905, -7.905, -7.905, -7.905, -7.905, -7.905, -7.905, -7.905, -7.905, -7.905, -7.905, -7.905, -7.905, -7.905, -7.905, -7.905, -7.905, -7.905, -7.905, -7.905, -7.905, -7.905, -7.905, -7.905, -7.905, -7.905, -7.905, -7.905, -7.905, -7.905, -7.905, -7.905, -7.905, -7.905, -7.905, -7.905, -7.905, -7.905, -7.905, -7.905, -7.905, -7.905, -7.905, -7.905, -7.905, -7.905, -7.905, -7.905, -7.905, -7.905, -7.905, -7.905, -7.905, -7.905, -7.905, -7.905, -7.905, -7.905, -7.905, -7.905, -7.905, -7.905, -7.905, -7.905, -7.905, -7.905, -7.905, -7.905, -7.905, -7.905, -7.905, -7.905, -7.905, -7.905, -7.905, -7.905, -7.905, -7.905, -7.905, -7.905, -7.905, -7.905, -7.905, -7.905, -7.905, -7.905, -7.905, -7.905, -7.905, -7.905, -7.905, -7.905, -7.905, -7.905, -7.905, -7.905, -7.905, -7.905, -7.905, -7.905, -7.905, -7.905, -7.905, -7.905, -7.905, -7.905, -7.905, -7.905, -7.905, -7.905, -7.905, -7.905, -7.905, -7.905, -7.905, -7.905, -7.905, -7.905, -7.905, -7.905, -7.905, -7.905, -7.905, -7.905, -7.905, -7.905, -7.905, -7.905, -7.905, -7.905, -7.905, -7.905, -7.905, -7.905, -7.905, -7.905, -7.905, -7.905, -7.905, -7.905, -7.905, -7.905, -7.905, -7.905, -7.905, -7.905, -7.905, -7.905, -7.905, -7.905, -7.905, -7.905, -7.905, -7.905, -7.905, -7.905, -7.905, -7.905, -7.905, -7.905, -7.905, -7.905, -7.905, -7.905, -7.905, -7.905, -7.905, -7.905, -7.905, -7.905, -7.905, -7.905, -7.905, -7.905, -7.905, -7.905, -7.905, -7.905, -7.905, -7.905, -7.905, -7.905, -7.905, -7.905, -7.905, -7.905, -7.905, -7.905, -7.905, -7.905, -7.905, -7.905, -7.905, -7.905, -7.905, -7.905, -7.905, -7.905, -7.905, -7.905, -7.905, -7.905, -7.905, -7.905, -7.905, -7.905, -7.905, -7.905, -7.905, -7.905, -7.905, -7.905, -7.905, -7.905, -7.905, -7.905, -7.905, -7.905, -7.905, -7.905, -7.905, -7.905, -7.905, -7.905, -7.905, -7.905, -7.905, -7.905, -7.905, -7.905, -7.905, -7.905, -7.905, -7.905, -7.905, -7.905, -7.905, -7.905, -7.905, -7.905, -7.905, -7.905, -7.905, -7.905, -7.905, -7.905, -7.905, -7.905, -7.905, -7.905, -7.905, -7.905, -7.905, -7.905, -7.905, -7.905, -7.905, -7.905, -7.905, -7.905, -7.905, -7.905, -7.905, -7.905, -7.905, -7.905, -7.905, -7.905, -7.905, -7.905, -7.905, -7.905, -7.905, -7.905, -7.905, -7.905, -7.905, -7.905, -7.905, -7.905, -7.905, -7.905, -7.905, -7.905, -7.905, -7.905, -7.905, -7.905, -7.905, -7.905, -7.905, -7.905, -7.905, -7.905, -7.905, -7.905, -7.905, -7.905, -7.905, -7.905, -7.905, -7.905, -7.905, -7.905, -7.905, -7.905, -7.905, -7.905, -7.905, -7.905, -7.905, -7.905, -7.905, -7.905, -7.905, -7.905, -7.905, -7.905, -7.905, -7.905, -7.905, -7.905, -7.905, -7.905, -7.905, -7.905, -7.905, -7.905, -7.905, -7.905, -7.905, -7.905, -7.905, -7.905, -7.905, -7.905, -7.905, -7.905, -7.905, -7.905, -7.905, -7.905, -7.905, -7.905, -7.905, -7.905, -7.905, -7.905, -7.905, -7.905, -7.905, -7.905, -7.905, -7.905, -7.905, -7.905, -7.905, -7.905, -7.905, -7.905, -7.905, -7.905, -7.905, -7.905, -7.905, -7.905, -7.905, -7.905, -7.905, -7.905, -7.905, -7.905, -7.905, -7.905, -7.905, -7.905, -7.905, -7.905, -7.905, -7.905, -7.905, -7.905, -7.905, -7.905, -7.905, -7.905, -7.905, -7.905, -7.905, -7.905, -7.905, -7.905, -7.905, -7.905, -7.905, -7.905, -7.905, -7.905, -7.905, -7.905, -7.905, -7.905, -7.905, -7.905, -7.905, -7.905, -7.905, -7.905, -7.905, -7.905, -7.905, -7.905, -7.905, -7.905, -7.905, -7.905, -7.905, -7.905, -7.905, -7.905, -7.905, -7.905, -7.905, -7.905, -7.905, -7.905, -7.905, -7.905, -7.905, -7.905, -7.905, -7.905, -7.905, -7.905, -7.905, -7.905, -7.905, -7.905, -7.905, -7.905, -7.905, -7.905, -7.905, -7.905, -7.905, -7.905, -7.905, -7.905, -7.905, -7.905, -7.905, -7.905, -7.905, -7.905, -7.905, -7.905, -7.905, -7.905, -7.905, -7.905, -7.905, -7.905, -7.905, -7.905, -7.905, -7.905, -7.905, -7.905, -7.905, -7.905, -7.905, -7.905, -7.905, -7.905, -7.905, -7.905, -7.905, -7.905, -7.905, -7.905, -7.905, -7.905, -7.905, -7.905, -7.905, -7.905, -7.905, -7.905, -7.905, -7.905, -7.905, -7.905, -7.905, -7.905, -7.905, -7.905, -7.905, -7.905, -7.905, -7.905, -7.905, -7.905, -7.905, -7.905, -7.905, -7.905, -7.905, -7.905, -7.905, -7.905, -7.905, -7.905, -7.905, -7.905, -7.905, -7.905, -7.905, -7.905, -7.905, -7.905, -7.905, -7.905, -7.905, -7.905, -7.905, -7.905, -7.905, -7.905, -7.905, -7.905, -7.905, -7.905, -7.905, -7.905, -7.905, -7.905, -7.905, -7.905, -7.905, -7.905, -7.905, -7.905, -7.905, -7.905, -7.905, -7.905, -7.905, -7.905, -7.905, -7.905, -7.905, -7.905, -7.905, -7.905, -7.905, -7.905, -7.905, -7.905, -7.905, -7.905, -7.905, -7.905, -7.905, -7.905, -7.905, -7.905, -7.905, -7.905, -7.905, -7.905, -7.905, -7.905, -7.905, -7.905, -7.905, -7.905, -7.905, -7.905, -7.905, -7.905, -7.905, -7.905, -7.905, -7.905, -7.905, -7.905, -7.905, -7.905, -7.905, -7.905, -7.905, -7.905, -7.905, -7.905, -7.905, -7.905, -7.905, -7.905, -7.905, -7.905, -7.905, -7.905, -7.905, -7.905, -7.905, -7.905, -7.905, -7.905, -7.905, -7.905, -7.905, -7.905, -7.905, -7.905, -7.905, -7.905, -7.905, -7.905, -7.905, -7.905, -7.905, -7.905, -7.905, -7.905, -7.905, -7.905, -7.905, -7.905, -7.905, -7.905, -7.905, -7.905, -7.905, -7.905, -7.905, -7.905, -7.905, -7.905, -7.905, -7.905, -7.905, -7.905, -7.905, -7.905, -7.905, -7.905, -7.905, -7.905, -7.905, -7.905, -7.905, -7.905, -7.905, -7.905, -7.905, -7.905, -7.905, -7.905, -7.905, -7.905, -7.905, -7.905, -7.905, -7.905, -7.905, -7.905, -7.905, -7.905, -7.905, -7.905, -7.905, -7.905, -7.905, -7.905, -7.905, -7.905, -7.905, -7.905, -7.905, -7.905, -7.905, -7.905, -7.905, -7.905, -7.905, -7.905, -7.905, -7.905, -7.905, -7.905, -7.905, -7.905, -7.905, -7.905, -7.905, -7.905, -7.905, -7.905, -7.905, -7.905, -7.905, -7.905, -7.905, -7.905, -7.905, -7.905, -7.905, -7.905, -7.905, -7.905, -7.905, -7.905, -7.905, -7.905, -7.905, -7.905, -7.905, -7.905, -7.905, -7.905, -7.905, -7.905, -7.905, -7.905, -7.905, -7.905, -7.905, -7.905, -7.905, -7.905, -7.905, -7.905, -7.905, -7.905, -7.905, -7.905, -7.905, -7.905, -7.905, -7.905, -7.905, -7.905, -7.905, -7.905, -7.905, -7.905, -7.905, -7.905, -7.905, -7.905, -7.905, -7.905, -7.905, -7.905, -7.905, -7.905, -7.905, -7.905, -7.905, -7.905, -7.905, -7.905, -7.905, -7.905, -7.905, -7.905, -7.905, -7.905, -7.905, -7.905, -7.905, -7.905, -7.905, -7.905, -7.905, -7.905, -7.905, -7.905, -7.905, -7.905, -7.905, -7.905, -7.905, -7.905, -7.905, -7.905, -7.905, -7.905, -7.905, -7.905, -7.905, -7.905, -7.905, -7.905, -7.905, -7.905, -7.905, -7.905, -7.905, -7.905, -7.905, -7.905, -7.905, -7.905, -7.905, -7.905, -7.905, -7.905, -7.905, -7.905, -7.905, -7.905, -7.905, -7.905, -7.905, -7.905, -7.905, -7.905, -7.905, -7.905, -7.905, -7.905, -7.905, -7.905, -7.905, -7.905, -7.905, -7.905, -7.905, -7.905, -7.905, -7.905, -7.905, -7.905, -7.905, -7.905, -7.905, -7.905, -7.905, -7.905, -7.905, -7.905, -7.905, -7.905, -7.905, -7.905, -7.905, -7.905, -7.905, -7.905, -7.905, -7.905, -7.905, -7.905, -7.905, -7.905, -7.905, -7.905, -7.905, -7.905, -7.905, -7.905, -7.905, -7.905, -7.905, -7.905, -7.905, -7.905, -7.905, -7.905, -7.905, -7.905, -7.905, -7.905, -7.905, -7.905, -7.905, -7.905, -7.905, -7.905, -7.905, -7.905, -7.905, -7.905, -7.905, -7.905, -7.905, -7.905, -7.905, -7.905, -7.905, -7.905, -7.905, -7.905, -7.905, -7.905, -7.905, -7.905, -7.905, -7.905, -7.905, -7.905, -7.905, -7.905, -7.905, -7.905, -7.905, -7.905, -7.905, -7.905, -7.905, -7.905, -7.905, -7.905, -7.905, -7.905, -7.905, -7.905, -7.905, -7.905, -7.905, -7.905, -7.905, -7.905, -7.905, -7.905, -7.905, -7.905, -7.905, -7.905, -7.905, -7.905, -7.905, -7.905, -7.905, -7.905, -7.905, -7.905, -7.905, -7.905, -7.905, -7.905, -7.905, -7.905, -7.905, -7.905, -7.905, -7.905, -7.905, -7.905, -7.905, -7.905, -7.905, -7.905, -7.905, -7.905, -7.905, -7.905, -7.905, -7.905, -7.905, -7.905, -7.905, -7.905, -7.905, -7.905, -7.905, -7.905, -7.905, -7.905, -7.905, -7.905, -7.905, -7.905, -7.905, -7.905, -7.905, -7.905, -7.905, -7.905, -7.905, -7.905, -7.905, -7.905, -7.905, -7.905, -7.905, -7.905, -7.905, -7.905, -7.905, -7.905, -7.905, -7.905, -7.905, -7.905, -7.905, -7.905, -7.905, -7.905, -7.905, -7.905, -7.905, -7.905, -7.905, -7.905, -7.905, -7.905, -7.905, -7.905, -7.905, -7.905, -7.905, -7.905, -7.905, -7.905, -7.905, -7.905, -7.905, -7.905, -7.905, -7.905, -7.905, -7.905, -7.905, -7.905, -7.905, -7.905, -7.905, -7.905, -7.905, -7.905, -7.905, -7.905, -7.905, -7.905, -7.905, -7.905, -7.905, -7.905, -7.905, -7.905, -7.905, -7.905, -7.905, -7.905, -7.905, -7.905, -7.905, -7.905, -7.905, -7.905, -7.905, -7.905, -7.905, -7.905, -7.905, -7.905, -7.905, -7.905, -7.905, -7.905, -7.905, -7.905, -7.905, -7.905, -7.905, -7.905, -7.905, -7.905, -7.905, -7.905, -7.905, -7.905, -7.905, -7.905, -7.905, -7.905, -7.905, -7.905, -7.905, -7.905, -7.905, -7.905, -7.905, -7.905, -7.905, -7.905, -7.905, -7.905, -7.905, -7.905, -7.905, -7.905, -7.905, -7.905, -7.905, -7.905, -7.905, -7.905, -7.905, -7.905, -7.905, -7.905, -7.905, -7.905, -7.905, -7.905, -7.905, -7.905, -7.905, -7.905, -7.905, -7.905, -7.905, -7.905, -7.905, -7.905, -7.905, -7.905, -7.905, -7.905, -7.905, -7.905, -7.905, -7.905, -7.905, -7.905, -7.905, -7.905, -7.905, -7.905, -7.905, -7.905, -7.905, -7.905, -7.905, -7.905, -7.905, -7.905, -7.905, -7.905, -7.905, -7.905, -7.905, -7.905, -7.905, -7.905, -7.905, -7.905, -7.905, -7.905, -7.905, -7.905, -7.905, -7.905, -7.905, -7.905, -7.905, -7.905, -7.905, -7.905, -7.905, -7.905, -7.905, -7.905, -7.905, -7.905, -7.905, -7.905, -7.905, -7.905, -7.905, -7.905, -7.905, -7.905, -7.905, -7.905, -7.905, -7.905, -7.905, -7.905, -7.905, -7.905, -7.905, -7.905, -7.905, -7.905, -7.905, -7.905, -7.905, -7.905, -7.905, -7.905, -7.905, -7.905, -7.905, -7.905, -7.905, -7.905, -7.905, -7.905, -7.905, -7.905, -7.905, -7.905, -7.905, -7.905, -7.905, -7.905, -7.905, -7.905, -7.905, -7.905, -7.905, -7.905, -7.905, -7.905, -7.905, -7.905, -7.905, -7.905, -7.905, -7.905, -7.905, -7.905, -7.905, -7.905, -7.905, -7.905, -7.905, -7.905, -7.905, -7.905, -7.905, -7.905, -7.905, -7.905, -7.905, -7.905, -7.905, -7.905, -7.905, -7.905, -7.905, -7.905, -7.905, -7.905, -7.905, -7.905, -7.905, -7.905, -7.905, -7.905, -7.905, -7.905, -7.905, -7.905, -7.905, -7.905, -7.905, -7.905, -7.905, -7.905, -7.905, -7.905, -7.905, -7.905, -7.905, -7.905, -7.905, -7.905, -7.905, -7.905, -7.905, -7.905, -7.905, -7.905, -7.905, -7.905, -7.905, -7.905, -7.905, -7.905, -7.905, -7.905, -7.905, -7.905, -7.905, -7.905, -7.905, -7.905, -7.905, -7.905, -7.905, -7.905, -7.905, -7.905, -7.905, -7.905, -7.905, -7.905, -7.905, -7.905, -7.905, -7.905, -7.905, -7.905, -7.905, -7.905, -7.905, -7.905, -7.905, -7.905, -7.905, -7.905, -7.905, -7.905, -7.905, -7.905, -7.905, -7.905, -7.905, -7.905, -7.905, -7.905, -7.905, -7.905, -7.905, -7.905, -7.905, -7.905, -7.905, -7.905, -7.905, -7.905, -7.905, -7.905, -7.905, -7.905, -7.905, -7.905, -7.905, -7.905, -7.905, -7.905, -7.905, -7.905, -7.905, -7.905, -7.905, -7.905, -7.905, -7.905, -7.905, -7.905, -7.905, -7.905, -7.905, -7.905, -7.905, -7.905, -7.905, -7.905, -7.905, -7.905, -7.905, -7.905, -7.905, -7.905, -7.905, -7.905, -7.905, -7.905, -7.905, -7.905, -7.905, -7.905, -7.905, -7.905, -7.905, -7.905, -7.905, -7.905, -7.905, -7.905, -7.905, -7.905, -7.905, -7.905, -7.905, -7.905, -7.905, -7.905, -7.905, -7.905, -7.905, -7.905, -7.905, -7.905, -7.905, -7.905, -7.905, -7.905, -7.905, -7.905, -7.905, -7.905, -7.905, -7.905, -7.905, -7.905, -7.905, -7.905, -7.905, -7.905, -7.905, -7.905, -7.905, -7.905, -7.905, -7.905, -7.905, -7.905, -7.905, -7.905, -7.905, -7.905, -7.905, -7.905, -7.905, -7.905, -7.905, -7.905, -7.905, -7.905, -7.905, -7.905, -7.905, -7.905, -7.905, -7.905, -7.905, -7.905, -7.905, -7.905, -7.905, -7.905, -7.905, -7.905, -7.905, -7.905, -7.905, -7.905, -7.905, -7.905, -7.905, -7.905, -7.905, -7.905, -7.905, -7.905, -7.905, -7.905, -7.905, -7.905, -7.905, -7.905, -7.905, -7.905, -7.905, -7.905, -7.905, -7.905, -7.905, -7.905, -7.905, -7.905, -7.905, -7.905, -7.905, -7.905, -7.905, -7.905, -7.905, -7.905, -7.905, -7.905, -7.905, -7.905, -7.905, -7.905, -7.905, -7.905, -7.905, -7.905, -7.905, -7.905, -7.905, -7.905, -7.905, -7.905, -7.905, -7.905, -7.905, -7.905, -7.905, -7.905, -7.905, -7.905, -7.905, -7.905, -7.905, -7.905, -7.905, -7.905, -7.905, -7.905, -7.905, -7.905, -7.905, -7.905, -7.905, -7.905, -7.905, -7.905, -7.905, -7.905, -7.905, -7.905, -7.905, -7.905, -7.905, -7.905, -7.905, -7.905, -7.905, -7.905, -7.905, -7.905, -7.905, -7.905, -7.905, -7.905, -7.905, -7.905, -7.905, -7.905, -7.905, -7.905, -7.905, -7.905, -7.905, -7.905, -7.905, -7.905, -7.905, -7.905, -7.905, -7.905, -7.905, -7.905, -7.905, -7.905, -7.905, -7.905, -7.905, -7.905, -7.905, -7.905, -7.905, -7.905, -7.905, -7.905, -7.905, -7.905, -7.905, -7.905, -7.905, -7.905, -7.905, -7.905, -7.905, -7.905, -7.905, -7.905, -7.905, -7.905, -7.905, -7.905, -7.905, -7.905, -7.905, -7.905, -7.905, -7.905, -7.905, -7.905, -7.905, -7.905, -7.905, -7.905, -7.905, -7.905, -7.905, -7.905, -7.905, -7.905, -7.905, -7.905, -7.905, -7.905, -7.905, -7.905, -7.905, -7.905, -7.905, -7.905, -7.905, -7.905, -7.905, -7.905, -7.905, -7.905, -7.905, -7.905, -7.905, -7.905, -7.905, -7.905, -7.905, -7.905, -7.905, -7.905, -7.905, -7.905, -7.905, -7.905, -7.905, -7.905, -7.905, -7.905, -7.905, -7.905, -7.905, -7.905, -7.905, -7.905, -7.905, -7.905, -7.905, -7.905, -7.905, -7.905, -7.905, -7.905, -7.905, -7.905, -7.905, -7.905, -7.905, -7.905, -7.905, -7.905, -7.905, -7.905, -7.905, -7.905, -7.905, -7.905, -7.905, -7.905, -7.905, -7.905, -7.905, -7.905, -7.905, -7.905, -7.905, -7.905, -7.905, -7.905, -7.905, -7.905, -7.905, -7.905, -7.905, -7.905, -7.905, -7.905, -7.905, -7.905, -7.905, -7.905, -7.905, -7.905, -7.905, -7.905, -7.905, -7.905, -7.905, -7.905, -7.905, -7.905, -7.905, -7.905, -7.905, -7.905, -7.905, -7.905, -7.905, -7.905, -7.905, -7.905, -7.905, -7.905, -7.905, -7.905, -7.905, -7.905, -7.905, -7.905, -7.905, -7.905, -7.905, -7.905, -7.905, -7.905, -7.905, -7.905, -7.905, -7.905, -7.905, -7.905, -7.905, -7.905, -7.905, -7.905, -7.905, -7.905, -7.905, -7.905, -7.905, -7.905, -7.905, -7.905, -7.905, -7.905, -7.905, -7.905, -7.905, -7.905, -7.905, -7.905, -7.905, -7.905, -7.905, -7.905, -7.905, -7.905, -7.905, -7.905, -7.905, -7.905, -7.905, -7.905, -7.905, -7.905, -7.905, -7.905, -7.905, -7.905, -7.905, -7.905, -7.905, -7.905, -7.905, -7.905, -7.905, -7.905, -7.905, -7.905, -7.905, -7.905, -7.905, -7.905, -7.905, -7.905, -7.905, -7.905, -7.905, -7.905, -7.905, -7.905, -7.905, -7.905, -7.905, -7.905, -7.905, -7.905, -7.905, -7.905, -7.905, -7.905, -7.905, -7.905, -7.905, -7.905, -7.905, -7.905, -7.905, -7.905, -7.905, -7.905, -7.905, -7.905, -7.905, -7.905, -7.905, -7.905, -7.905, -7.905, -7.905, -7.905, -7.905, -7.905, -7.905, -7.905, -7.905, -7.905, -7.905, -7.905, -7.905, -7.905, -7.905, -7.905, -7.905, -7.905, -7.905, -7.905, -7.905, -7.905, -7.905, -7.905, -7.905, -7.905, -7.905, -7.905, -7.905, -7.905, -7.905, -7.905, -7.905, -7.905, -7.905, -7.905, -7.905, -7.905, -7.905, -7.905, -7.905, -7.905, -7.905, -7.905, -7.905, -7.905, -7.905, -7.905, -7.905, -7.905, -7.905, -7.905, -7.905, -7.905, -7.905, -7.905, -7.905, -7.905, -7.905, -7.905, -7.905, -7.905, -7.905, -7.905, -7.905, -7.905, -7.905, -7.905, -7.905, -7.905, -7.905, -7.905, -7.905, -7.905, -7.905, -7.905, -7.905, -7.905, -7.905, -7.905, -7.905, -7.905, -7.905, -7.905, -7.905, -7.905, -7.905, -7.905, -7.905, -7.905]

----------------------------------------
