Signal Data Log
========================================

Signal: Fault Bit Toggled
Data Points: 2000
Values: [0, 0, 0, 0, 0, 0, 0, 0, 0, 0, 1, 1, 1, 1, 1, 1, 1, 1, 1, 1, 1, 1, 1, 1, 1, 1, 1, 1, 1, 1, 1, 1, 1, 1, 1, 1, 1, 1, 1, 1, 1, 1, 1, 1, 1, 1, 1, 1, 1, 1, 1, 1, 1, 1, 1, 1, 1, 1, 1, 1, 1, 1, 1, 1, 1, 1, 1, 1, 1, 1, 1, 1, 1, 1, 1, 1, 1, 1, 1, 1, 1, 1, 1, 1, 1, 1, 1, 1, 1, 1, 1, 1, 1, 1, 1, 1, 1, 1, 1, 1, 1, 1, 1, 1, 1, 1, 1, 1, 1, 1, 1, 1, 1, 1, 1, 1, 1, 1, 1, 1, 1, 1, 1, 1, 1, 1, 1, 1, 1, 1, 1, 1, 1, 1, 1, 1, 1, 1, 1, 1, 1, 1, 1, 1, 1, 1, 1, 1, 1, 1, 1, 1, 1, 1, 1, 1, 1, 1, 1, 1, 1, 1, 1, 1, 1, 1, 1, 1, 1, 1, 1, 1, 1, 1, 1, 1, 1, 1, 1, 1, 1, 1, 1, 1, 1, 1, 1, 1, 1, 1, 1, 1, 1, 1, 1, 1, 1, 1, 1, 1, 1, 1, 1, 1, 1, 1, 1, 1, 1, 1, 1, 1, 1, 1, 1, 1, 1, 1, 1, 1, 1, 1, 1, 1, 1, 1, 1, 1, 1, 1, 1, 1, 1, 1, 1, 1, 1, 1, 1, 1, 1, 1, 1, 1, 1, 1, 1, 1, 1, 1, 1, 1, 1, 1, 1, 1, 1, 1, 1, 1, 1, 1, 1, 1, 1, 1, 1, 1, 1, 1, 1, 1, 1, 1, 1, 1, 1, 1, 1, 1, 1, 1, 1, 1, 1, 1, 1, 1, 1, 1, 1, 1, 1, 1, 1, 1, 1, 1, 1, 1, 1, 1, 1, 1, 1, 1, 1, 1, 1, 1, 1, 1, 1, 1, 1, 1, 1, 1, 1, 1, 1, 1, 1, 1, 1, 1, 1, 1, 1, 1, 1, 1, 1, 1, 1, 1, 1, 1, 1, 1, 1, 1, 1, 1, 1, 1, 1, 1, 1, 1, 1, 1, 1, 1, 1, 1, 1, 1, 1, 1, 1, 1, 1, 1, 1, 1, 1, 1, 1, 1, 1, 1, 1, 1, 1, 1, 1, 1, 1, 1, 1, 1, 1, 1, 1, 1, 1, 1, 1, 1, 1, 1, 1, 1, 1, 1, 1, 1, 1, 1, 1, 1, 1, 1, 1, 1, 1, 1, 1, 1, 1, 1, 1, 1, 1, 1, 1, 1, 1, 1, 1, 1, 1, 1, 1, 1, 1, 1, 1, 1, 1, 1, 1, 1, 1, 1, 1, 1, 1, 1, 1, 1, 1, 1, 1, 1, 1, 1, 1, 1, 1, 1, 1, 1, 1, 1, 1, 1, 1, 1, 1, 1, 1, 1, 1, 1, 1, 1, 1, 1, 1, 1, 1, 1, 1, 1, 1, 1, 1, 1, 1, 1, 1, 1, 1, 1, 1, 1, 1, 1, 1, 1, 1, 1, 1, 1, 1, 1, 1, 1, 1, 1, 1, 1, 1, 1, 1, 1, 1, 1, 1, 1, 1, 1, 1, 1, 1, 1, 1, 1, 1, 1, 1, 1, 1, 1, 1, 1, 1, 1, 1, 1, 1, 1, 1, 1, 1, 1, 1, 1, 1, 1, 1, 1, 1, 1, 1, 1, 1, 1, 1, 1, 1, 1, 1, 1, 1, 1, 1, 1, 1, 1, 1, 1, 1, 1, 1, 1, 1, 1, 1, 1, 1, 1, 1, 1, 1, 1, 1, 1, 1, 1, 1, 1, 1, 1, 1, 1, 1, 1, 1, 1, 1, 1, 1, 1, 1, 1, 1, 1, 1, 1, 1, 1, 1, 1, 1, 1, 1, 1, 1, 1, 1, 1, 1, 1, 1, 1, 1, 1, 1, 1, 1, 1, 1, 1, 1, 1, 1, 1, 1, 1, 1, 1, 1, 1, 1, 1, 1, 1, 1, 1, 1, 1, 1, 1, 1, 1, 1, 1, 1, 1, 1, 1, 1, 1, 1, 1, 1, 1, 1, 1, 1, 1, 1, 1, 1, 1, 1, 1, 1, 1, 1, 1, 1, 1, 1, 1, 1, 1, 1, 1, 1, 1, 1, 1, 1, 1, 1, 1, 1, 1, 1, 1, 1, 1, 1, 1, 1, 1, 1, 1, 1, 1, 1, 1, 1, 1, 1, 1, 1, 1, 1, 1, 1, 1, 1, 1, 1, 1, 1, 1, 1, 1, 1, 1, 1, 1, 1, 1, 1, 1, 1, 1, 1, 1, 1, 1, 1, 1, 1, 1, 1, 1, 1, 1, 1, 1, 1, 1, 1, 1, 1, 1, 1, 1, 1, 1, 1, 1, 1, 1, 1, 1, 1, 1, 1, 1, 1, 1, 1, 1, 1, 1, 1, 1, 1, 1, 1, 1, 1, 1, 1, 1, 1, 1, 1, 1, 1, 1, 1, 1, 1, 1, 1, 1, 1, 1, 1, 1, 1, 1, 1, 1, 1, 1, 1, 1, 1, 1, 1, 1, 1, 1, 1, 1, 1, 1, 1, 1, 1, 1, 1, 1, 1, 1, 1, 1, 1, 1, 1, 1, 1, 1, 1, 1, 1, 1, 1, 1, 1, 1, 1, 1, 1, 1, 1, 1, 1, 1, 1, 1, 1, 1, 1, 1, 1, 1, 1, 1, 1, 1, 1, 1, 1, 1, 1, 1, 1, 1, 1, 1, 1, 1, 1, 1, 1, 1, 1, 1, 1, 1, 1, 1, 1, 1, 1, 1, 1, 1, 1, 1, 1, 1, 1, 1, 1, 1, 1, 1, 1, 1, 1, 1, 1, 1, 1, 1, 1, 1, 1, 1, 1, 1, 1, 1, 1, 1, 1, 1, 1, 1, 1, 1, 1, 1, 1, 1, 1, 1, 1, 1, 1, 1, 1, 1, 1, 1, 1, 1, 1, 1, 1, 1, 1, 1, 1, 1, 1, 1, 1, 1, 1, 1, 1, 1, 1, 1, 1, 1, 1, 1, 1, 1, 1, 1, 1, 1, 1, 1, 1, 1, 1, 1, 1, 1, 1, 1, 1, 1, 1, 1, 1, 1, 1, 1, 1, 1, 1, 1, 1, 1, 1, 1, 1, 1, 1, 1, 1, 1, 1, 1, 1, 1, 1, 1, 1, 1, 1, 1, 1, 1, 1, 1, 1, 1, 1, 1, 1, 1, 1, 1, 1, 1, 1, 1, 1, 1, 1, 1, 1, 1, 1, 1, 1, 1, 1, 1, 1, 1, 1, 1, 1, 1, 1, 1, 1, 1, 1, 1, 1, 1, 1, 1, 1, 1, 1, 1, 1, 1, 1, 1, 1, 1, 1, 1, 1, 1, 1, 1, 1, 1, 1, 1, 1, 1, 1, 1, 1, 1, 1, 1, 1, 1, 1, 1, 1, 1, 1, 1, 1, 1, 1, 1, 1, 1, 1, 1, 1, 1, 1, 1, 1, 1, 1, 1, 1, 1, 1, 1, 1, 1, 1, 1, 1, 1, 1, 1, 1, 1, 1, 1, 1, 1, 1, 1, 1, 1, 1, 1, 1, 1, 1, 1, 1, 1, 1, 1, 1, 1, 1, 1, 1, 1, 1, 1, 1, 1, 1, 1, 1, 1, 1, 1, 1, 1, 1, 1, 1, 1, 1, 1, 1, 1, 1, 1, 1, 1, 1, 1, 1, 1, 1, 1, 1, 1, 1, 1, 1, 1, 1, 1, 1, 1, 1, 1, 1, 1, 1, 1, 1, 1, 1, 1, 1, 1, 1, 1, 1, 1, 1, 1, 1, 1, 1, 1, 1, 1, 1, 1, 1, 1, 1, 1, 1, 1, 1, 1, 1, 1, 1, 1, 1, 1, 1, 1, 1, 1, 1, 1, 1, 1, 1, 1, 1, 1, 1, 1, 1, 1, 1, 1, 1, 1, 1, 1, 1, 1, 1, 1, 1, 1, 1, 1, 1, 1, 1, 1, 1, 1, 1, 1, 1, 1, 1, 1, 1, 1, 1, 1, 1, 1, 1, 1, 1, 1, 1, 1, 1, 1, 1, 1, 1, 1, 1, 1, 1, 1, 1, 1, 1, 1, 1, 1, 1, 1, 1, 1, 1, 1, 1, 1, 1, 1, 1, 1, 1, 1, 1, 1, 1, 1, 1, 1, 1, 1, 1, 1, 1, 1, 1, 1, 1, 1, 1, 1, 1, 1, 1, 1, 1, 1, 1, 1, 1, 1, 1, 1, 1, 1, 1, 1, 1, 1, 1, 1, 1, 1, 1, 1, 1, 1, 1, 1, 1, 1, 1, 1, 1, 1, 1, 1, 1, 1, 1, 1, 1, 1, 1, 1, 1, 1, 1, 1, 1, 1, 1, 1, 1, 1, 1, 1, 1, 1, 1, 1, 1, 1, 1, 1, 1, 1, 1, 1, 1, 1, 1, 1, 1, 1, 1, 1, 1, 1, 1, 1, 1, 1, 1, 1, 1, 1, 1, 1, 1, 1, 1, 1, 1, 1, 1, 1, 1, 1, 1, 1, 1, 1, 1, 1, 1, 1, 1, 1, 1, 1, 1, 1, 1, 1, 1, 1, 1, 1, 1, 1, 1, 1, 1, 1, 1, 1, 1, 1, 1, 1, 1, 1, 1, 1, 1, 1, 1, 1, 1, 1, 1, 1, 1, 1, 1, 1, 1, 1, 1, 1, 1, 1, 1, 1, 1, 1, 1, 1, 1, 1, 1, 1, 1, 1, 1, 1, 1, 1, 1, 1, 1, 1, 1, 1, 1, 1, 1, 1, 1, 1, 1, 1, 1, 1, 1, 1, 1, 1, 1, 1, 1, 1, 1, 1, 1, 1, 1, 1, 1, 1, 1, 1, 1, 1, 1, 1, 1, 1, 1, 1, 1, 1, 1, 1, 1, 1, 1, 1, 1, 1, 1, 1, 1, 1, 1, 1, 1, 1, 1, 1, 1, 1, 1, 1, 1, 1, 1, 1, 1, 1, 1, 1, 1, 1, 1, 1, 1, 1, 1, 1, 1, 1, 1, 1, 1, 1, 1, 1, 1, 1, 1, 1, 1, 1, 1, 1, 1, 1, 1, 1, 1, 1, 1, 1, 1, 1, 1, 1, 1, 1, 1, 1, 1, 1, 1, 1, 1, 1, 1, 1, 1, 1, 1, 1, 1, 1, 1, 1, 1, 1, 1, 1, 1, 1, 1, 1, 1, 1, 1, 1, 1, 1, 1, 1, 1, 1, 1, 1, 1, 1, 1, 1, 1, 1, 1, 1, 1, 1, 1, 1, 1, 1, 1, 1, 1, 1, 1, 1, 1, 1, 1, 1, 1, 1, 1, 1, 1, 1, 1, 1, 1, 1, 1, 1, 1, 1, 1, 1, 1, 1, 1, 1, 1, 1, 1, 1, 1, 1, 1, 1, 1, 1, 1, 1, 1, 1, 1, 1, 1, 1, 1, 1, 1, 1, 1, 1, 1, 1, 1, 1, 1, 1, 1, 1, 1, 1, 1, 1, 1, 1, 1, 1, 1, 1, 1, 1, 1, 1, 1, 1, 1, 1, 1, 1, 1, 1, 1, 1, 1, 1, 1, 1, 1, 1, 1, 1, 1, 1, 1, 1, 1, 1, 1, 1, 1, 1, 1, 1, 1, 1, 1, 1, 1, 1, 1, 1, 1, 1, 1, 1, 1, 1, 1, 1, 1, 1, 1, 1, 1, 1, 1, 1, 1, 1, 1, 1, 1, 1, 1, 1, 1, 1, 1, 1, 1, 1, 1, 1, 1, 1, 1, 1, 1, 1, 1, 1, 1, 1, 1, 1, 1, 1, 1, 1, 1, 1, 1, 1, 1, 1, 1, 1, 1, 1, 1, 1, 1, 1, 1, 1, 1, 1, 1, 1, 1, 1, 1, 1, 1, 1, 1, 1, 1, 1, 1, 1, 1, 1, 1, 1, 1, 1, 1, 1, 1, 1, 1, 1, 1, 1, 1, 1, 1, 1, 1, 1, 1, 1, 1, 1, 1, 1, 1, 1, 1, 1, 1, 1, 1, 1, 1, 1, 1, 1, 1, 1, 1, 1, 1, 1, 1, 1, 1, 1, 1, 1, 1, 1, 1, 1, 1, 1, 1, 1, 1, 1, 1, 1, 1, 1, 1, 1, 1, 1, 1, 1, 1, 1, 1, 1, 1, 1, 1, 1, 1, 1, 1, 1, 1, 1, 1, 1, 1, 1, 1, 1, 1, 1, 1, 1, 1, 1, 1, 1, 1, 1, 1, 1, 1, 1, 1, 1, 1, 1, 1, 1, 1, 1, 1, 1, 1, 1, 1, 1, 1, 1, 1, 1, 1, 1, 1, 1, 1, 1, 1, 1, 1, 1, 1, 1, 1, 1, 1, 1, 1, 1, 1, 1, 1, 1, 1, 1, 1, 1]

----------------------------------------
Signal: Position Feedback
Data Points: 2000
Values: [33.90548858642578, 33.90548065185547, 33.90548431396484, 33.90548614501953, 33.905481567382814, 33.90548004150391, 33.90547332763672, 33.90547088623047, 33.90547393798828, 33.905474548339846, 33.90546447753906, 33.905816650390626, 33.906443481445315, 33.90689361572266, 33.9070932006836, 33.90704010009766, 33.90684753417969, 33.906604614257816, 33.90639434814453, 33.90626708984375, 33.90623748779297, 33.90626647949219, 33.906312255859376, 33.906348876953125, 33.906360473632816, 33.90633666992188, 33.906307983398435, 33.90629760742188, 33.90631622314453, 33.90633087158203, 33.906333923339844, 33.90632720947266, 33.90632415771484, 33.90632385253906, 33.906319274902344, 33.906317443847655, 33.90632385253906, 33.90633758544922, 33.90634490966797, 33.90633728027344, 33.906332092285155, 33.906314086914065, 33.90632629394531, 33.90633026123047, 33.90634124755859, 33.90633850097656, 33.906337890625004, 33.90633911132812, 33.90634216308594, 33.90633850097656, 33.906336364746096, 33.90633514404297, 33.90633758544922, 33.906336364746096, 33.90633514404297, 33.90633270263672, 33.906326599121094, 33.906332092285155, 33.90633544921875, 33.906328735351565, 33.90632415771484, 33.90632598876953, 33.90633148193359, 33.90634033203125, 33.90633148193359, 33.90633331298828, 33.90633087158203, 33.906324768066405, 33.90632568359375, 33.90633117675781, 33.90633728027344, 33.90635040283203, 33.90634582519532, 33.906339721679686, 33.90633728027344, 33.90633026123047, 33.90632934570313, 33.906336059570314, 33.90634460449219, 33.90634857177734, 33.906346740722654, 33.906351013183595, 33.90634185791016, 33.906339416503904, 33.90634124755859, 33.906347045898436, 33.90634613037109, 33.90635040283203, 33.90635681152344, 33.90634979248047, 33.90634643554687, 33.90634735107422, 33.906343383789064, 33.90634002685547, 33.90634490966797, 33.906347045898436, 33.90634765625, 33.90634582519532, 33.90634490966797, 33.90634063720703, 33.90634429931641, 33.90634399414063, 33.90634979248047, 33.906350708007814, 33.906354064941404, 33.906358032226564, 33.90635711669922, 33.90634826660156, 33.906345520019535, 33.90634460449219, 33.906347045898436, 33.90635345458985, 33.906367797851566, 33.90636444091797, 33.906360168457034, 33.90635772705078, 33.90635864257813, 33.90635559082031, 33.90635375976562, 33.90635711669922, 33.906356201171874, 33.90635925292969, 33.906357421875, 33.90635528564453, 33.90635345458985, 33.90635894775391, 33.90634979248047, 33.90635894775391, 33.90636291503906, 33.906363830566406, 33.90635467529297, 33.90635162353516, 33.906354370117185, 33.90635925292969, 33.90636505126953, 33.906363830566406, 33.90635894775391, 33.906357421875, 33.906356201171874, 33.90635894775391, 33.90635864257813, 33.90635375976562, 33.90635589599609, 33.90635589599609, 33.906360473632816, 33.90635772705078, 33.90636322021484, 33.90636260986328, 33.906360473632816, 33.906363525390624, 33.906365661621095, 33.906357421875, 33.906360473632816, 33.90636199951172, 33.90637176513672, 33.906371154785155, 33.90637145996094, 33.906365661621095, 33.90635864257813, 33.906354064941404, 33.90636474609375, 33.90637145996094, 33.90637786865234, 33.90638000488281, 33.90637756347656, 33.90637756347656, 33.906372985839845, 33.906374816894534, 33.90637725830078, 33.906382446289065, 33.906376953125, 33.90637054443359, 33.906380310058594, 33.906375122070315, 33.906367797851566, 33.906371154785155, 33.90637054443359, 33.90637603759766, 33.906378173828124, 33.906385803222655, 33.90637634277344, 33.9063720703125, 33.90637390136719, 33.90637023925781, 33.90637176513672, 33.90636993408203, 33.90637420654297, 33.906376647949216, 33.90637573242188, 33.90637756347656, 33.90637390136719, 33.906373291015626, 33.90636993408203, 33.906367492675784, 33.906372985839845, 33.90637451171875, 33.90637634277344, 33.906373291015626, 33.9063720703125, 33.90637237548828, 33.90637451171875, 33.906376953125, 33.90637634277344, 33.90637878417969, 33.90638122558594, 33.90637786865234, 33.90638092041016, 33.906386108398436, 33.90637786865234, 33.90638397216797, 33.90637969970703, 33.90637603759766, 33.9063818359375, 33.90637725830078, 33.90638519287109, 33.90637969970703, 33.90639404296875, 33.90639617919922, 33.90639770507813, 33.906393432617186, 33.90639099121094, 33.90639373779297, 33.90638671875, 33.90639190673828, 33.90638488769531, 33.90638641357422, 33.90638275146485, 33.90638641357422, 33.90639190673828, 33.90639801025391, 33.906400451660154, 33.906397094726564, 33.906389770507815, 33.906389770507815, 33.906394958496094, 33.906387939453126, 33.9063818359375, 33.90637908935547, 33.90639038085938, 33.90639068603516, 33.90638824462891, 33.90638153076172, 33.90638458251953, 33.906390075683596, 33.90639984130859, 33.906397094726564, 33.90639434814453, 33.90638916015625, 33.90639282226562, 33.90639801025391, 33.90639038085938, 33.90638519287109, 33.90638916015625, 33.90639221191406, 33.90640350341797, 33.90640289306641, 33.90639373779297, 33.90639129638672, 33.90638824462891, 33.90639099121094, 33.90638824462891, 33.90639587402344, 33.90639221191406, 33.90639251708984, 33.906394958496094, 33.90639282226562, 33.90639190673828, 33.90639587402344, 33.90639068603516, 33.90639678955078, 33.90639190673828, 33.906397094726564, 33.90639465332031, 33.906394958496094, 33.90639282226562, 33.90638946533203, 33.906387634277344, 33.90639678955078, 33.90639587402344, 33.90640289306641, 33.90639404296875, 33.90639801025391, 33.90639770507813, 33.90640167236328, 33.90640319824219, 33.906400451660154, 33.90640411376953, 33.90640167236328, 33.906404418945314, 33.90640686035157, 33.906404418945314, 33.90640502929688, 33.90640106201172, 33.906404418945314, 33.90640960693359, 33.90641845703125, 33.90641662597656, 33.90641998291016, 33.90641296386719, 33.90641326904297, 33.906407775878904, 33.90641235351563, 33.906410217285156, 33.906409912109375, 33.90641357421875, 33.90641235351563, 33.906409912109375, 33.90641143798828, 33.90640106201172, 33.906396484375, 33.906397399902346, 33.906400756835936, 33.906399230957035, 33.90640289306641, 33.906406555175785, 33.90640228271484, 33.90640197753906, 33.90639678955078, 33.90640014648437, 33.90639862060547, 33.906400451660154, 33.90641082763672, 33.90640716552734, 33.90640747070312, 33.90640625, 33.90640411376953, 33.906400756835936, 33.906404418945314, 33.90640411376953, 33.906407775878904, 33.90641265869141, 33.906414184570316, 33.906410217285156, 33.90642303466797, 33.90641784667969, 33.90641845703125, 33.90641693115234, 33.9064224243164, 33.9064224243164, 33.90641967773438, 33.906416015625, 33.906415405273435, 33.90641235351563, 33.906409912109375, 33.90640930175781, 33.90641998291016, 33.906417541503906, 33.906417541503906, 33.906419372558595, 33.906415405273435, 33.90640716552734, 33.90640899658203, 33.90641143798828, 33.906413879394535, 33.90642181396485, 33.90642059326172, 33.906417541503906, 33.90641845703125, 33.90641479492187, 33.906417541503906, 33.9064111328125, 33.906411743164064, 33.90641784667969, 33.906417541503906, 33.90641662597656, 33.90641632080078, 33.90641326904297, 33.906416015625, 33.90641967773438, 33.90642578125, 33.906426696777345, 33.90643096923828, 33.90643524169922, 33.90643371582031, 33.90643127441406, 33.906427001953126, 33.90642059326172, 33.90642181396485, 33.906426696777345, 33.90642578125, 33.90643371582031, 33.906431884765624, 33.90642761230469, 33.906428527832034, 33.90642822265625, 33.9064291381836, 33.906428527832034, 33.906427001953126, 33.90643646240235, 33.90642364501953, 33.90641998291016, 33.906417541503906, 33.90642059326172, 33.90642425537109, 33.9064224243164, 33.90642974853516, 33.90642791748047, 33.90642333984375, 33.90642028808594, 33.90641998291016, 33.9064208984375, 33.90642364501953, 33.90642059326172, 33.90642181396485, 33.906426696777345, 33.906432189941405, 33.906427001953126, 33.90642364501953, 33.90642364501953, 33.906422729492185, 33.906424865722656, 33.9064291381836, 33.90643859863281, 33.90643371582031, 33.90643341064453, 33.90643127441406, 33.906430358886716, 33.90643157958984, 33.906427001953126, 33.90643249511719, 33.906430358886716, 33.90643157958984, 33.906428833007816, 33.906435852050784, 33.90642517089844, 33.906428833007816, 33.90643280029297, 33.906426696777345, 33.9064306640625, 33.906434020996095, 33.90643341064453, 33.90643737792969, 33.90643859863281, 33.90644317626953, 33.90643371582031, 33.90642730712891, 33.906436157226565, 33.90643310546875, 33.906435546875, 33.90643676757813, 33.906435852050784, 33.906435852050784, 33.90643127441406, 33.90644073486328, 33.90643127441406, 33.90643371582031, 33.90643737792969, 33.906430358886716, 33.906428527832034, 33.90642944335938, 33.90643371582031, 33.906439514160155, 33.906435546875, 33.90643371582031, 33.906439208984374, 33.90643524169922, 33.90643493652344, 33.90643310546875, 33.90642578125, 33.90642639160156, 33.9064291381836, 33.90643859863281, 33.90643524169922, 33.906437683105466, 33.906441650390626, 33.906439514160155, 33.90643798828125, 33.906436157226565, 33.90643310546875, 33.90643463134766, 33.9064404296875, 33.90644287109375, 33.90644195556641, 33.906439514160155, 33.90643981933594, 33.906436157226565, 33.906430358886716, 33.90643676757813, 33.90644012451172, 33.90643981933594, 33.90644012451172, 33.90643646240235, 33.90643829345703, 33.90644439697266, 33.906443481445315, 33.906443481445315, 33.9064437866211, 33.90644592285156, 33.90644409179688, 33.906447143554686, 33.90643890380859, 33.906437683105466, 33.906441650390626, 33.90643829345703, 33.90644561767578, 33.906448669433594, 33.906447143554686, 33.9064437866211, 33.90643646240235, 33.906435546875, 33.90644287109375, 33.90643981933594, 33.906437683105466, 33.90644561767578, 33.90644409179688, 33.90644989013672, 33.90644592285156, 33.90644073486328, 33.906434326171876, 33.90643707275391, 33.90643707275391, 33.90643890380859, 33.90644439697266, 33.90644287109375, 33.90643798828125, 33.90644226074219, 33.90644226074219, 33.90644287109375, 33.906439208984374, 33.90644226074219, 33.906435852050784, 33.906443481445315, 33.906448669433594, 33.906448669433594, 33.90644195556641, 33.90644317626953, 33.906439208984374, 33.9064437866211, 33.906446838378905, 33.906446838378905, 33.90645660400391, 33.90644775390625, 33.90643859863281, 33.90644317626953, 33.90644104003906, 33.90644561767578, 33.906448974609376, 33.906451110839846, 33.906456298828125, 33.90645172119141, 33.906448669433594, 33.90644958496094, 33.90644775390625, 33.90644561767578, 33.906447143554686, 33.90644927978516, 33.906452636718754, 33.906446838378905, 33.90644744873047, 33.9064501953125, 33.906448974609376, 33.9064453125, 33.906437683105466, 33.90644927978516, 33.906455993652344, 33.90644836425781, 33.90645324707031, 33.90644744873047, 33.90643859863281, 33.906441345214844, 33.906439208984374, 33.9064453125, 33.90645202636719, 33.90645751953125, 33.906448974609376, 33.90644775390625, 33.906458435058596, 33.906452636718754, 33.90644989013672, 33.90645660400391, 33.90644927978516, 33.90645294189453, 33.906450805664065, 33.90644622802734, 33.90644653320312, 33.90644927978516, 33.906451110839846, 33.90645751953125, 33.90645874023438, 33.90646453857422, 33.90645721435547, 33.90645385742187, 33.90645751953125, 33.90646087646484, 33.90645172119141, 33.90645233154297, 33.90645202636719, 33.906450805664065, 33.9064501953125, 33.906448974609376, 33.906441345214844, 33.90644409179688, 33.90644287109375, 33.90644317626953, 33.90644226074219, 33.906448669433594, 33.90645324707031, 33.90645141601563, 33.906447143554686, 33.906441650390626, 33.90644500732422, 33.906446838378905, 33.9064453125, 33.90644775390625, 33.906447143554686, 33.906455078125, 33.90645568847656, 33.9064501953125, 33.90645202636719, 33.906455078125, 33.90645385742187, 33.90645385742187, 33.906455078125, 33.90645721435547, 33.906459960937504, 33.906460266113285, 33.906459960937504, 33.90645568847656, 33.90646087646484, 33.90645935058594, 33.90646118164062, 33.90646514892578, 33.906455993652344, 33.906456298828125, 33.906454467773436, 33.90645538330078, 33.90644927978516, 33.906454467773436, 33.90645904541016, 33.90645965576172, 33.906452636718754, 33.90645324707031, 33.90644744873047, 33.90645324707031, 33.90645324707031, 33.90645141601563, 33.90644958496094, 33.90645202636719, 33.906455078125, 33.906455078125, 33.90644653320312, 33.906443481445315, 33.90644256591797, 33.90644653320312, 33.90645233154297, 33.906452636718754, 33.906450805664065, 33.90645233154297, 33.90645141601563, 33.906448974609376, 33.9064501953125, 33.906452636718754, 33.90644775390625, 33.90645233154297, 33.906456298828125, 33.906460266113285, 33.906455078125, 33.90645660400391, 33.90646240234375, 33.906455078125, 33.90645782470703, 33.906454467773436, 33.906458129882814, 33.90646606445313, 33.906458435058596, 33.90645721435547, 33.906455993652344, 33.90645782470703, 33.90645935058594, 33.90646087646484, 33.90646118164062, 33.90646087646484, 33.906461791992186, 33.90645965576172, 33.90645751953125, 33.90645721435547, 33.90645568847656, 33.906467590332035, 33.90646209716797, 33.90645935058594, 33.906459960937504, 33.90645202636719, 33.90645141601563, 33.90645324707031, 33.906448669433594, 33.906451110839846, 33.90644958496094, 33.90645202636719, 33.90645935058594, 33.906458129882814, 33.906455993652344, 33.906458435058596, 33.90645782470703, 33.90645874023438, 33.906461486816404, 33.90645965576172, 33.90645874023438, 33.906460266113285, 33.90645660400391, 33.90645477294922, 33.90645690917969, 33.90644958496094, 33.90645721435547, 33.90645568847656, 33.90646423339844, 33.906465759277346, 33.90646514892578, 33.906461791992186, 33.906455078125, 33.90645385742187, 33.90645874023438, 33.906463623046875, 33.90646209716797, 33.90646514892578, 33.906460266113285, 33.906455078125, 33.90645904541016, 33.906454162597655, 33.906461486816404, 33.906465759277346, 33.90646423339844, 33.90646301269531, 33.90646789550782, 33.906461791992186, 33.90645172119141, 33.906448669433594, 33.90644805908203, 33.906455993652344, 33.906459960937504, 33.90646484375, 33.90646423339844, 33.90646514892578, 33.90645904541016, 33.90645690917969, 33.90646057128906, 33.90646240234375, 33.906454162597655, 33.90646087646484, 33.906461486816404, 33.90645782470703, 33.906459960937504, 33.906455078125, 33.90645385742187, 33.90645385742187, 33.906465759277346, 33.906467590332035, 33.90646667480469, 33.90646789550782, 33.90646697998047, 33.90645874023438, 33.90645538330078, 33.90645568847656, 33.9064501953125, 33.906455993652344, 33.906455993652344, 33.90645538330078, 33.90645477294922, 33.9064501953125, 33.906456298828125, 33.906455993652344, 33.90645324707031, 33.90645294189453, 33.90645050048828, 33.90645385742187, 33.90645202636719, 33.90645477294922, 33.90646057128906, 33.90646087646484, 33.90646850585937, 33.90646240234375, 33.906463623046875, 33.90646850585937, 33.90647064208984, 33.906467590332035, 33.90646636962891, 33.906467590332035, 33.90646484375, 33.90646789550782, 33.906472778320314, 33.906471252441406, 33.90647399902344, 33.90647735595703, 33.90647552490235, 33.90647552490235, 33.906469116210936, 33.90647064208984, 33.90646392822266, 33.906465454101564, 33.9064697265625, 33.906461486816404, 33.90646301269531, 33.90647033691406, 33.906455078125, 33.90645874023438, 33.90645751953125, 33.90645721435547, 33.906458435058596, 33.90645538330078, 33.90644958496094, 33.906456298828125, 33.906454467773436, 33.90645172119141, 33.90644927978516, 33.906456298828125, 33.906448669433594, 33.906454162597655, 33.90645477294922, 33.90645294189453, 33.906451110839846, 33.90645172119141, 33.90645721435547, 33.90646606445313, 33.90646667480469, 33.90646789550782, 33.90646514892578, 33.90646087646484, 33.906473083496095, 33.90646240234375, 33.90646636962891, 33.906472778320314, 33.90646789550782, 33.906474914550785, 33.906478576660156, 33.906472778320314, 33.90647583007812, 33.90646728515625, 33.90646697998047, 33.906476440429685, 33.906478271484374, 33.906478271484374, 33.90647888183594, 33.906480102539064, 33.906470947265625, 33.90646942138672, 33.90647064208984, 33.90647186279297, 33.90646636962891, 33.90647155761719, 33.90646789550782, 33.906461791992186, 33.90645690917969, 33.90645477294922, 33.90645324707031, 33.906455078125, 33.90646087646484, 33.90646484375, 33.90647155761719, 33.90646667480469, 33.90645751953125, 33.90645965576172, 33.90646057128906, 33.90644958496094, 33.906455078125, 33.90646209716797, 33.90646240234375, 33.90646697998047, 33.90646209716797, 33.90646209716797, 33.90646087646484, 33.906460266113285, 33.90646301269531, 33.90646636962891, 33.90646850585937, 33.906476135253904, 33.906471252441406, 33.90646423339844, 33.906461791992186, 33.90646942138672, 33.906465454101564, 33.906469116210936, 33.906470947265625, 33.90647735595703, 33.906471252441406, 33.90646240234375, 33.90646301269531, 33.906463623046875, 33.906471252441406, 33.906470947265625, 33.90647338867188, 33.90647338867188, 33.906469116210936, 33.90647003173828, 33.90646423339844, 33.90646606445313, 33.906467590332035, 33.90646392822266, 33.90646423339844, 33.906463623046875, 33.90646667480469, 33.90646209716797, 33.90645874023438, 33.906455993652344, 33.906455078125, 33.906459960937504, 33.90646820068359, 33.90646850585937, 33.9064697265625, 33.90646514892578, 33.90647064208984, 33.906465454101564, 33.90646606445313, 33.90646240234375, 33.90646728515625, 33.90646942138672, 33.90646301269531, 33.90647247314453, 33.90647064208984, 33.90646697998047, 33.90646423339844, 33.90647155761719, 33.906461791992186, 33.90646728515625, 33.90647338867188, 33.90647369384766, 33.90647430419922, 33.906471252441406, 33.9064697265625, 33.90647033691406, 33.90646301269531, 33.906461791992186, 33.90646209716797, 33.906470947265625, 33.90647186279297, 33.90646240234375, 33.90646209716797, 33.90646087646484, 33.90646118164062, 33.906463623046875, 33.90646606445313, 33.90647369384766, 33.9064697265625, 33.9064697265625, 33.90646789550782, 33.90646789550782, 33.90647003173828, 33.90647064208984, 33.906465759277346, 33.906472778320314, 33.90647552490235, 33.90647918701172, 33.90647369384766, 33.906475219726566, 33.906467590332035, 33.90646331787109, 33.90646423339844, 33.90646667480469, 33.906469116210936, 33.906470947265625, 33.90646728515625, 33.906468811035154, 33.90647003173828, 33.90646636962891, 33.90646789550782, 33.90646850585937, 33.906460266113285, 33.906461486816404, 33.90645385742187, 33.906452636718754, 33.9064501953125, 33.90645141601563, 33.90645782470703, 33.906458435058596, 33.90646087646484, 33.90647216796875, 33.90645721435547, 33.90646209716797, 33.906459960937504, 33.90646270751953, 33.906465454101564, 33.906467590332035, 33.90646697998047, 33.906474914550785, 33.906465454101564, 33.90646697998047, 33.90646392822266, 33.9064697265625, 33.90647033691406, 33.906476440429685, 33.90647186279297, 33.90647888183594, 33.906473083496095, 33.906473083496095, 33.90647552490235, 33.9064794921875, 33.90647369384766, 33.906480407714845, 33.906482238769534, 33.9064794921875, 33.906482543945316, 33.906483764648435, 33.90647979736328, 33.90647399902344, 33.906463623046875, 33.906461791992186, 33.90646453857422, 33.90646850585937, 33.90647216796875, 33.90646636962891, 33.90646606445313, 33.90646667480469, 33.90646728515625, 33.90646942138672, 33.90646423339844, 33.90646392822266, 33.90646331787109, 33.906459960937504, 33.906460266113285, 33.90645477294922, 33.90646057128906, 33.906461791992186, 33.90646270751953, 33.90646850585937, 33.90646240234375, 33.90646697998047, 33.90646820068359, 33.906461791992186, 33.90645721435547, 33.906461486816404, 33.90646301269531, 33.90647003173828, 33.90646850585937, 33.906469116210936, 33.906470947265625, 33.9064697265625, 33.90646087646484, 33.906459960937504, 33.906465759277346, 33.906467590332035, 33.90647888183594, 33.906476440429685, 33.9064697265625, 33.906469116210936, 33.90646850585937, 33.90647155761719, 33.90647430419922, 33.90647216796875, 33.90647705078125, 33.906471252441406, 33.90647583007812, 33.90647186279297, 33.90646209716797, 33.90645721435547, 33.90646270751953, 33.906467590332035, 33.906474609375, 33.90647064208984, 33.906476135253904, 33.90647155761719, 33.90647735595703, 33.90647247314453, 33.9064697265625, 33.90647399902344, 33.906476135253904, 33.906478271484374, 33.906470947265625, 33.90647430419922, 33.90646850585937, 33.90646820068359, 33.906459960937504, 33.90646301269531, 33.906469116210936, 33.90646697998047, 33.90647003173828, 33.906467590332035, 33.90646942138672, 33.90647064208984, 33.90647247314453, 33.90647369384766, 33.90646820068359, 33.90646423339844, 33.90646392822266, 33.90646514892578, 33.90646301269531, 33.90646301269531, 33.90646270751953, 33.90646087646484, 33.90646331787109, 33.9064697265625, 33.906473083496095, 33.90647399902344, 33.90646667480469, 33.906470947265625, 33.90647216796875, 33.90646820068359, 33.90646942138672, 33.90647369384766, 33.90647552490235, 33.90648193359375, 33.90647216796875, 33.90647186279297, 33.90646453857422, 33.90646636962891, 33.90646484375, 33.90646820068359, 33.906474914550785, 33.906472778320314, 33.90647338867188, 33.90646697998047, 33.90646453857422, 33.90646667480469, 33.906475219726566, 33.90647796630859, 33.90647796630859, 33.90647430419922, 33.90647155761719, 33.906471252441406, 33.90647399902344, 33.90646667480469, 33.906469116210936, 33.906463623046875, 33.90646423339844, 33.90646209716797, 33.90646697998047, 33.90646606445313, 33.90646606445313, 33.90646728515625, 33.90646942138672, 33.90646606445313, 33.90647216796875, 33.90646697998047, 33.90646209716797, 33.906469116210936, 33.906470947265625, 33.90646392822266, 33.90646118164062, 33.90646087646484, 33.906465759277346, 33.90646087646484, 33.90646453857422, 33.90646057128906, 33.90646453857422, 33.90645965576172, 33.90646270751953, 33.90647155761719, 33.90646636962891, 33.90646514892578, 33.906459960937504, 33.90646270751953, 33.90646209716797, 33.90646484375, 33.90646057128906, 33.906467590332035, 33.90646057128906, 33.90646636962891, 33.90647186279297, 33.906478576660156, 33.90647888183594, 33.90647033691406, 33.90646789550782, 33.90646697998047, 33.90646728515625, 33.90647155761719, 33.90647155761719, 33.906471252441406, 33.90647399902344, 33.90647064208984, 33.90647216796875, 33.90646697998047, 33.90645935058594, 33.906455078125, 33.90645660400391, 33.90646240234375, 33.90646301269531, 33.90646606445313, 33.90646667480469, 33.90647033691406, 33.90646606445313, 33.90646423339844, 33.90646118164062, 33.90646423339844, 33.90646331787109, 33.906465759277346, 33.906460266113285, 33.906459960937504, 33.906460266113285, 33.906460266113285, 33.90646453857422, 33.90646057128906, 33.90646606445313, 33.90647003173828, 33.90647216796875, 33.90647003173828, 33.90646484375, 33.906459960937504, 33.90646606445313, 33.90647033691406, 33.906471252441406, 33.906471252441406, 33.90647430419922, 33.90647552490235, 33.90646301269531, 33.90646453857422, 33.90646942138672, 33.9064697265625, 33.90647186279297, 33.90647064208984, 33.906468811035154, 33.90646789550782, 33.906468811035154, 33.90647369384766, 33.906467590332035, 33.90647003173828, 33.90646057128906, 33.90646423339844, 33.906467590332035, 33.906471252441406, 33.90647369384766, 33.90646636962891, 33.906467590332035, 33.90646301269531, 33.906465759277346, 33.90646514892578, 33.906465454101564, 33.906468811035154, 33.90646392822266, 33.906465454101564, 33.90646453857422, 33.90646392822266, 33.90647064208984, 33.906472778320314, 33.9064697265625, 33.90646850585937, 33.906470947265625, 33.90646667480469, 33.906459960937504, 33.90646270751953, 33.906460266113285, 33.906465759277346, 33.90646820068359, 33.90647003173828, 33.90646514892578, 33.90646392822266, 33.90646728515625, 33.9064697265625, 33.90646301269531, 33.906454162597655, 33.90645721435547, 33.906461486816404, 33.90646484375, 33.90646118164062, 33.90646301269531, 33.90645690917969, 33.90645690917969, 33.90646240234375, 33.906461791992186, 33.90647430419922, 33.90646728515625, 33.90646392822266, 33.906461791992186, 33.90646118164062, 33.90646514892578, 33.906468811035154, 33.90646789550782, 33.90646484375, 33.90647003173828, 33.90647186279297, 33.906472778320314, 33.90646820068359, 33.90647155761719, 33.906480407714845, 33.906473083496095, 33.90647796630859, 33.90647766113281, 33.906475219726566, 33.906476440429685, 33.90648468017578, 33.90647735595703, 33.906476440429685, 33.90647918701172, 33.906476440429685, 33.90648193359375, 33.90648315429688, 33.90648498535156, 33.90648315429688, 33.90647888183594, 33.906467590332035, 33.90646636962891, 33.90646667480469, 33.90647796630859, 33.90646667480469, 33.90646392822266, 33.90645782470703, 33.90646209716797, 33.90645355224609, 33.90645355224609, 33.90645233154297, 33.90644989013672, 33.906458435058596, 33.90645935058594, 33.906460266113285, 33.90645294189453, 33.906448974609376, 33.90644958496094, 33.90644287109375, 33.90645294189453, 33.90646087646484, 33.906459960937504, 33.906465454101564, 33.906458435058596, 33.90645965576172, 33.90646209716797, 33.906459960937504, 33.90645782470703, 33.906472778320314, 33.906470947265625, 33.90647430419922, 33.90647003173828, 33.906465759277346, 33.90646667480469, 33.906470947265625, 33.90647247314453, 33.90647979736328, 33.906478576660156, 33.90647338867188, 33.906471252441406, 33.90647583007812, 33.90647583007812, 33.90648101806641, 33.906487731933595, 33.90648345947265, 33.90647705078125, 33.90647766113281, 33.90647735595703, 33.906476440429685, 33.906468811035154, 33.906465454101564, 33.90646209716797, 33.90646484375, 33.90646118164062, 33.90646453857422, 33.90645965576172, 33.906458435058596, 33.90645660400391, 33.90645721435547, 33.906454162597655, 33.90646301269531, 33.90645233154297, 33.906456298828125, 33.906461791992186, 33.90645751953125, 33.906454467773436, 33.90645385742187, 33.90644622802734, 33.90644409179688, 33.90645721435547, 33.90646270751953, 33.90646209716797, 33.90646453857422, 33.90646728515625, 33.9064697265625, 33.906465759277346, 33.90646636962891, 33.90646514892578, 33.90647033691406, 33.90647186279297, 33.90646850585937, 33.90646820068359, 33.90646087646484, 33.906465759277346, 33.906463623046875, 33.90646697998047, 33.906476135253904, 33.90647674560547, 33.90647064208984, 33.90646209716797, 33.90645935058594, 33.906465454101564, 33.906468811035154, 33.90646606445313, 33.90646697998047, 33.90646942138672, 33.90647186279297, 33.906471252441406, 33.90645935058594, 33.90646240234375, 33.90645965576172, 33.90646423339844, 33.906465454101564, 33.906470947265625, 33.90646423339844, 33.90646301269531, 33.906465454101564, 33.906463623046875, 33.90646728515625, 33.90647583007812, 33.90647552490235, 33.90646789550782, 33.906469116210936, 33.906474609375, 33.90647033691406, 33.90646392822266, 33.90646484375, 33.90645874023438, 33.90646118164062, 33.90645904541016, 33.906459960937504, 33.90646606445313, 33.90646118164062, 33.90646331787109, 33.90646728515625, 33.906465759277346, 33.90646240234375, 33.90645874023438, 33.90646118164062, 33.90646514892578, 33.90647033691406, 33.90645477294922, 33.90646087646484, 33.90645782470703, 33.90645935058594, 33.90645874023438, 33.90646270751953, 33.90647064208984, 33.90646392822266, 33.9064697265625, 33.90647216796875, 33.90647338867188, 33.906470947265625, 33.90646820068359, 33.90647003173828, 33.906473083496095, 33.90647705078125, 33.90647735595703, 33.90647369384766, 33.90647369384766, 33.90647155761719, 33.90647338867188, 33.906474609375, 33.906473083496095, 33.906475219726566, 33.90647155761719, 33.90647003173828, 33.90646697998047, 33.90646606445313, 33.906463623046875, 33.90646392822266, 33.90646636962891, 33.90646514892578, 33.90646423339844, 33.90646270751953, 33.90646392822266, 33.90646667480469, 33.906465454101564, 33.90646423339844, 33.90646453857422, 33.90646453857422, 33.90646942138672, 33.90645874023438, 33.90646606445313, 33.90646423339844, 33.906463623046875, 33.906473083496095, 33.906470947265625, 33.90647003173828, 33.90646789550782, 33.90646942138672, 33.906467590332035, 33.90646240234375, 33.90646301269531, 33.90646514892578, 33.90647338867188, 33.90647979736328, 33.90648132324219, 33.90647674560547, 33.90646697998047, 33.90646087646484, 33.90646087646484, 33.90646514892578, 33.90647338867188, 33.90646606445313, 33.9064697265625, 33.906467590332035, 33.90647766113281, 33.90647216796875, 33.906470947265625, 33.90647796630859, 33.906473083496095, 33.906471252441406, 33.90647399902344, 33.906474914550785, 33.90647430419922, 33.906471252441406, 33.90646789550782, 33.9064697265625, 33.90646942138672, 33.90646636962891, 33.90647247314453, 33.90647247314453, 33.906473083496095, 33.90647735595703, 33.90647216796875, 33.9064697265625, 33.906458435058596, 33.906461486816404, 33.90646636962891, 33.906465759277346, 33.90646331787109, 33.90646728515625, 33.90646453857422, 33.90646209716797, 33.906469116210936, 33.90646240234375, 33.906468811035154, 33.90646606445313, 33.90646789550782, 33.906467590332035, 33.906467590332035, 33.906467590332035, 33.90646118164062, 33.90645965576172, 33.906465759277346, 33.90646606445313, 33.90646423339844, 33.906467590332035, 33.90647186279297, 33.906467590332035, 33.90647430419922, 33.90647155761719, 33.90646942138672, 33.90646514892578, 33.906472778320314, 33.906471252441406, 33.90647552490235, 33.90646514892578, 33.90646301269531, 33.906468811035154, 33.90646331787109, 33.906469116210936, 33.906470947265625, 33.90647247314453, 33.90647064208984, 33.906471252441406, 33.906471252441406, 33.90647064208984, 33.906465454101564, 33.90647033691406, 33.906461791992186, 33.90646331787109, 33.906471252441406, 33.90647430419922, 33.906467590332035, 33.90647338867188, 33.90647003173828, 33.90646392822266, 33.90646606445313, 33.90647338867188, 33.90646606445313, 33.906461791992186, 33.90646484375, 33.90646392822266, 33.90646484375, 33.906473083496095, 33.90647399902344, 33.90647369384766, 33.9064697265625, 33.90647552490235, 33.9064697265625, 33.90646636962891, 33.906465759277346, 33.906468811035154, 33.90646514892578, 33.906468811035154, 33.90646789550782, 33.90646636962891, 33.90646392822266, 33.90646667480469, 33.90646667480469, 33.90646240234375, 33.90646423339844, 33.90646118164062, 33.90646636962891, 33.90646423339844, 33.90646636962891, 33.906461791992186, 33.90646118164062, 33.906463623046875, 33.90646728515625, 33.90646942138672, 33.906469116210936, 33.906468811035154, 33.906465454101564, 33.90646392822266, 33.90646392822266, 33.90646850585937, 33.9064697265625, 33.90646728515625, 33.90647247314453, 33.90647338867188, 33.906476440429685, 33.90647583007812, 33.90647399902344, 33.90647979736328, 33.906469116210936, 33.906474914550785, 33.90647399902344, 33.906474609375, 33.906468811035154, 33.90647216796875, 33.90646514892578, 33.90646057128906, 33.90646636962891, 33.90646942138672, 33.90647247314453, 33.90647064208984, 33.906476135253904, 33.906471252441406, 33.906470947265625, 33.906459960937504, 33.906452636718754, 33.906463623046875, 33.90646331787109, 33.906460266113285, 33.90646392822266, 33.90646820068359, 33.90646606445313, 33.90645935058594, 33.906467590332035, 33.90646789550782, 33.90646453857422, 33.90646850585937, 33.906467590332035, 33.90646789550782, 33.90646636962891, 33.906465759277346, 33.90646789550782, 33.90646270751953, 33.90646728515625, 33.90647216796875, 33.90647979736328, 33.906474914550785, 33.90647552490235, 33.90647247314453, 33.906473083496095, 33.9064794921875, 33.90648071289063, 33.90647003173828, 33.90647766113281, 33.906475219726566, 33.90647735595703, 33.906475219726566, 33.90647155761719, 33.906468811035154, 33.90646423339844, 33.90647003173828, 33.90647766113281, 33.90647399902344, 33.906478271484374, 33.90646697998047, 33.90646392822266, 33.90645935058594, 33.90645935058594, 33.90645538330078, 33.90645935058594, 33.906468811035154, 33.90647216796875, 33.90646850585937, 33.90646453857422, 33.90646484375, 33.90646270751953, 33.906454467773436, 33.906455078125, 33.90645965576172, 33.90646240234375, 33.906459960937504, 33.906455078125, 33.90646057128906, 33.90645874023438, 33.906459960937504, 33.906461486816404, 33.906465454101564, 33.90647155761719, 33.90647399902344, 33.9064697265625, 33.906465454101564, 33.90646453857422, 33.90647003173828, 33.90646423339844, 33.90647033691406, 33.90647979736328, 33.906476440429685, 33.906476135253904, 33.90648315429688, 33.906482238769534, 33.90647888183594, 33.906480102539064, 33.906478576660156, 33.906478271484374, 33.90647583007812, 33.90647247314453, 33.90647216796875, 33.906465759277346, 33.90646240234375, 33.906468811035154, 33.906471252441406, 33.906474914550785, 33.906478271484374, 33.90647338867188, 33.90647369384766, 33.90646118164062, 33.90646728515625, 33.906455078125, 33.90646057128906, 33.90645538330078, 33.906455078125, 33.90646392822266, 33.9064697265625, 33.906468811035154, 33.90645721435547, 33.906461791992186, 33.906454162597655, 33.90646118164062, 33.90645782470703, 33.90646209716797, 33.906463623046875, 33.90645538330078, 33.90645874023438, 33.90646270751953, 33.90646118164062, 33.90646057128906, 33.90647399902344, 33.90647338867188, 33.906474609375, 33.906475219726566, 33.90646820068359, 33.90646484375, 33.906460266113285, 33.90646453857422, 33.90646331787109, 33.90646697998047, 33.90646789550782, 33.90647338867188, 33.90646240234375, 33.90646728515625, 33.906469116210936, 33.906465759277346, 33.90646667480469, 33.90647430419922, 33.906476135253904, 33.90647918701172, 33.90647003173828, 33.906469116210936, 33.90646850585937, 33.906461791992186, 33.90646728515625, 33.90647064208984, 33.906471252441406, 33.9064697265625, 33.90646606445313, 33.90647369384766, 33.906471252441406, 33.90646606445313, 33.90646514892578, 33.90646789550782, 33.90647064208984, 33.90647186279297, 33.90647216796875, 33.90647399902344, 33.90646942138672, 33.90647583007812, 33.906467590332035, 33.9064697265625, 33.90647155761719, 33.906472778320314, 33.90646820068359, 33.90646057128906, 33.906463623046875, 33.90646270751953, 33.90646270751953, 33.90646087646484, 33.90646423339844, 33.90646392822266, 33.90646789550782, 33.90646514892578, 33.90646087646484, 33.90646270751953, 33.906459960937504, 33.90645660400391, 33.90646087646484, 33.906458435058596, 33.90646453857422, 33.90646270751953, 33.90646301269531, 33.90646667480469, 33.90646087646484, 33.906469116210936, 33.90645935058594, 33.90646423339844, 33.90646118164062, 33.90646240234375, 33.90646850585937, 33.90647003173828, 33.90646453857422, 33.90646728515625, 33.90646728515625, 33.90647155761719, 33.90647766113281, 33.90647338867188, 33.906476135253904, 33.90646667480469, 33.90646789550782, 33.90647399902344, 33.90646697998047, 33.90646606445313, 33.90646942138672, 33.90646820068359, 33.906470947265625, 33.90646392822266, 33.90646820068359, 33.90646484375, 33.90647003173828, 33.90646636962891, 33.90647247314453, 33.906468811035154, 33.90646240234375, 33.90645782470703, 33.90646118164062, 33.906459960937504, 33.90646820068359, 33.90646392822266, 33.90646636962891, 33.90646484375, 33.90647735595703, 33.90647216796875, 33.90646850585937, 33.90646728515625, 33.906460266113285, 33.90646270751953, 33.9064697265625, 33.90646728515625, 33.90646789550782, 33.906471252441406, 33.90646820068359, 33.90646606445313, 33.90647033691406, 33.90646636962891, 33.90646789550782, 33.906474609375, 33.90647033691406, 33.90647552490235, 33.90646820068359, 33.906470947265625, 33.90647064208984, 33.90646514892578, 33.90647430419922, 33.906465759277346, 33.90647399902344, 33.90647155761719, 33.90647247314453, 33.90646789550782, 33.90646423339844, 33.90646667480469, 33.906458435058596, 33.90646301269531, 33.906465454101564, 33.906469116210936, 33.90646667480469, 33.90645935058594, 33.906461486816404, 33.90645385742187, 33.90645355224609, 33.90645568847656, 33.90646270751953, 33.90646453857422, 33.90646423339844, 33.90646209716797, 33.90645751953125, 33.90645874023438, 33.906460266113285, 33.906460266113285, 33.90645690917969, 33.90646331787109, 33.90646697998047, 33.90646392822266, 33.90646514892578, 33.906461486816404, 33.90646484375, 33.906463623046875, 33.90647583007812, 33.90647552490235, 33.90647247314453, 33.90646667480469, 33.906467590332035, 33.906478271484374, 33.90647430419922, 33.90647796630859, 33.90647888183594, 33.90647399902344, 33.90647247314453, 33.90647430419922, 33.906470947265625, 33.90647064208984, 33.906467590332035, 33.90646820068359, 33.906463623046875, 33.90646697998047, 33.90646942138672, 33.90646636962891, 33.90647552490235, 33.90647247314453, 33.90646667480469, 33.906465454101564, 33.906463623046875, 33.90646697998047, 33.90646484375, 33.906472778320314, 33.906471252441406, 33.906465454101564, 33.906465759277346, 33.90646331787109, 33.90646850585937, 33.90647399902344, 33.90647430419922, 33.90646697998047, 33.906461791992186, 33.90645721435547, 33.90646331787109, 33.90646850585937, 33.906474609375, 33.90646850585937, 33.90647064208984, 33.90646209716797, 33.90646209716797, 33.90646728515625, 33.90645935058594, 33.90646453857422, 33.90646057128906, 33.90646240234375, 33.90646240234375, 33.90646392822266, 33.90645751953125, 33.90645385742187, 33.90645874023438, 33.90646789550782, 33.90647583007812, 33.906465454101564, 33.90646850585937, 33.906463623046875, 33.906461486816404, 33.906459960937504, 33.90646667480469, 33.90646118164062, 33.906461486816404, 33.906459960937504, 33.9064697265625, 33.90647583007812, 33.90647247314453, 33.90647064208984, 33.90646606445313, 33.906469116210936, 33.90647216796875, 33.90646636962891, 33.9064697265625, 33.9064697265625, 33.906471252441406, 33.90646850585937, 33.90647155761719, 33.90646942138672, 33.90646240234375, 33.90646514892578, 33.90646331787109, 33.90646209716797, 33.90646667480469, 33.906475219726566, 33.906478271484374, 33.90646697998047, 33.90646728515625, 33.90646331787109, 33.90646667480469, 33.906476135253904, 33.906470947265625, 33.906473083496095, 33.906467590332035, 33.90646484375, 33.90646209716797, 33.906463623046875, 33.906458435058596, 33.90646392822266, 33.906467590332035, 33.90646850585937, 33.90646820068359, 33.90646728515625, 33.906469116210936, 33.906465759277346, 33.90646118164062, 33.90646392822266, 33.906463623046875, 33.90646850585937, 33.90646850585937, 33.906469116210936, 33.906469116210936, 33.906465454101564, 33.90646789550782, 33.906463623046875, 33.90647155761719, 33.906471252441406, 33.90646697998047, 33.90646606445313, 33.90646514892578, 33.90646667480469, 33.90646270751953]

----------------------------------------
