Signal Data Log
========================================

Signal: Fault Bit Toggled
Data Points: 2000
Values: [0, 0, 0, 0, 0, 0, 0, 0, 0, 0, 0, 1, 1, 1, 1, 1, 1, 1, 1, 1, 1, 1, 1, 1, 1, 1, 1, 1, 1, 1, 1, 1, 1, 1, 1, 1, 1, 1, 1, 1, 1, 1, 1, 1, 1, 1, 1, 1, 1, 1, 1, 1, 1, 1, 1, 1, 1, 1, 1, 1, 1, 1, 1, 1, 1, 1, 1, 1, 1, 1, 1, 1, 1, 1, 1, 1, 1, 1, 1, 1, 1, 1, 1, 1, 1, 1, 1, 1, 1, 1, 1, 1, 1, 1, 1, 1, 1, 1, 1, 1, 1, 1, 1, 1, 1, 1, 1, 1, 1, 1, 1, 1, 1, 1, 1, 1, 1, 1, 1, 1, 1, 1, 1, 1, 1, 1, 1, 1, 1, 1, 1, 1, 1, 1, 1, 1, 1, 1, 1, 1, 1, 1, 1, 1, 1, 1, 1, 1, 1, 1, 1, 1, 1, 1, 1, 1, 1, 1, 1, 1, 1, 1, 1, 1, 1, 1, 1, 1, 1, 1, 1, 1, 1, 1, 1, 1, 1, 1, 1, 1, 1, 1, 1, 1, 1, 1, 1, 1, 1, 1, 1, 1, 1, 1, 1, 1, 1, 1, 1, 1, 1, 1, 1, 1, 1, 1, 1, 1, 1, 1, 1, 1, 1, 1, 1, 1, 1, 1, 1, 1, 1, 1, 1, 1, 1, 1, 1, 1, 1, 1, 1, 1, 1, 1, 1, 1, 1, 1, 1, 1, 1, 1, 1, 1, 1, 1, 1, 1, 1, 1, 1, 1, 1, 1, 1, 1, 1, 1, 1, 1, 1, 1, 1, 1, 1, 1, 1, 1, 1, 1, 1, 1, 1, 1, 1, 1, 1, 1, 1, 1, 1, 1, 1, 1, 1, 1, 1, 1, 1, 1, 1, 1, 1, 1, 1, 1, 1, 1, 1, 1, 1, 1, 1, 1, 1, 1, 1, 1, 1, 1, 1, 1, 1, 1, 1, 1, 1, 1, 1, 1, 1, 1, 1, 1, 1, 1, 1, 1, 1, 1, 1, 1, 1, 1, 1, 1, 1, 1, 1, 1, 1, 1, 1, 1, 1, 1, 1, 1, 1, 1, 1, 1, 1, 1, 1, 1, 1, 1, 1, 1, 1, 1, 1, 1, 1, 1, 1, 1, 1, 1, 1, 1, 1, 1, 1, 1, 1, 1, 1, 1, 1, 1, 1, 1, 1, 1, 1, 1, 1, 1, 1, 1, 1, 1, 1, 1, 1, 1, 1, 1, 1, 1, 1, 1, 1, 1, 1, 1, 1, 1, 1, 1, 1, 1, 1, 1, 1, 1, 1, 1, 1, 1, 1, 1, 1, 1, 1, 1, 1, 1, 1, 1, 1, 1, 1, 1, 1, 1, 1, 1, 1, 1, 1, 1, 1, 1, 1, 1, 1, 1, 1, 1, 1, 1, 1, 1, 1, 1, 1, 1, 1, 1, 1, 1, 1, 1, 1, 1, 1, 1, 1, 1, 1, 1, 1, 1, 1, 1, 1, 1, 1, 1, 1, 1, 1, 1, 1, 1, 1, 1, 1, 1, 1, 1, 1, 1, 1, 1, 1, 1, 1, 1, 1, 1, 1, 1, 1, 1, 1, 1, 1, 1, 1, 1, 1, 1, 1, 1, 1, 1, 1, 1, 1, 1, 1, 1, 1, 1, 1, 1, 1, 1, 1, 1, 1, 1, 1, 1, 1, 1, 1, 1, 1, 1, 1, 1, 1, 1, 1, 1, 1, 1, 1, 1, 1, 1, 1, 1, 1, 1, 1, 1, 1, 1, 1, 1, 1, 1, 1, 1, 1, 1, 1, 1, 1, 1, 1, 1, 1, 1, 1, 1, 1, 1, 1, 1, 1, 1, 1, 1, 1, 1, 1, 1, 1, 1, 1, 1, 1, 1, 1, 1, 1, 1, 1, 1, 1, 1, 1, 1, 1, 1, 1, 1, 1, 1, 1, 1, 1, 1, 1, 1, 1, 1, 1, 1, 1, 1, 1, 1, 1, 1, 1, 1, 1, 1, 1, 1, 1, 1, 1, 1, 1, 1, 1, 1, 1, 1, 1, 1, 1, 1, 1, 1, 1, 1, 1, 1, 1, 1, 1, 1, 1, 1, 1, 1, 1, 1, 1, 1, 1, 1, 1, 1, 1, 1, 1, 1, 1, 1, 1, 1, 1, 1, 1, 1, 1, 1, 1, 1, 1, 1, 1, 1, 1, 1, 1, 1, 1, 1, 1, 1, 1, 1, 1, 1, 1, 1, 1, 1, 1, 1, 1, 1, 1, 1, 1, 1, 1, 1, 1, 1, 1, 1, 1, 1, 1, 1, 1, 1, 1, 1, 1, 1, 1, 1, 1, 1, 1, 1, 1, 1, 1, 1, 1, 1, 1, 1, 1, 1, 1, 1, 1, 1, 1, 1, 1, 1, 1, 1, 1, 1, 1, 1, 1, 1, 1, 1, 1, 1, 1, 1, 1, 1, 1, 1, 1, 1, 1, 1, 1, 1, 1, 1, 1, 1, 1, 1, 1, 1, 1, 1, 1, 1, 1, 1, 1, 1, 1, 1, 1, 1, 1, 1, 1, 1, 1, 1, 1, 1, 1, 1, 1, 1, 1, 1, 1, 1, 1, 1, 1, 1, 1, 1, 1, 1, 1, 1, 1, 1, 1, 1, 1, 1, 1, 1, 1, 1, 1, 1, 1, 1, 1, 1, 1, 1, 1, 1, 1, 1, 1, 1, 1, 1, 1, 1, 1, 1, 1, 1, 1, 1, 1, 1, 1, 1, 1, 1, 1, 1, 1, 1, 1, 1, 1, 1, 1, 1, 1, 1, 1, 1, 1, 1, 1, 1, 1, 1, 1, 1, 1, 1, 1, 1, 1, 1, 1, 1, 1, 1, 1, 1, 1, 1, 1, 1, 1, 1, 1, 1, 1, 1, 1, 1, 1, 1, 1, 1, 1, 1, 1, 1, 1, 1, 1, 1, 1, 1, 1, 1, 1, 1, 1, 1, 1, 1, 1, 1, 1, 1, 1, 1, 1, 1, 1, 1, 1, 1, 1, 1, 1, 1, 1, 1, 1, 1, 1, 1, 1, 1, 1, 1, 1, 1, 1, 1, 1, 1, 1, 1, 1, 1, 1, 1, 1, 1, 1, 1, 1, 1, 1, 1, 1, 1, 1, 1, 1, 1, 1, 1, 1, 1, 1, 1, 1, 1, 1, 1, 1, 1, 1, 1, 1, 1, 1, 1, 1, 1, 1, 1, 1, 1, 1, 1, 1, 1, 1, 1, 1, 1, 1, 1, 1, 1, 1, 1, 1, 1, 1, 1, 1, 1, 1, 1, 1, 1, 1, 1, 1, 1, 1, 1, 1, 1, 1, 1, 1, 1, 1, 1, 1, 1, 1, 1, 1, 1, 1, 1, 1, 1, 1, 1, 1, 1, 1, 1, 1, 1, 1, 1, 1, 1, 1, 1, 1, 1, 1, 1, 1, 1, 1, 1, 1, 1, 1, 1, 1, 1, 1, 1, 1, 1, 1, 1, 1, 1, 1, 1, 1, 1, 1, 1, 1, 1, 1, 1, 1, 1, 1, 1, 1, 1, 1, 1, 1, 1, 1, 1, 1, 1, 1, 1, 1, 1, 1, 1, 1, 1, 1, 1, 1, 1, 1, 1, 1, 1, 1, 1, 1, 1, 1, 1, 1, 1, 1, 1, 1, 1, 1, 1, 1, 1, 1, 1, 1, 1, 1, 1, 1, 1, 1, 1, 1, 1, 1, 1, 1, 1, 1, 1, 1, 1, 1, 1, 1, 1, 1, 1, 1, 1, 1, 1, 1, 1, 1, 1, 1, 1, 1, 1, 1, 1, 1, 1, 1, 1, 1, 1, 1, 1, 1, 1, 1, 1, 1, 1, 1, 1, 1, 1, 1, 1, 1, 1, 1, 1, 1, 1, 1, 1, 1, 1, 1, 1, 1, 1, 1, 1, 1, 1, 1, 1, 1, 1, 1, 1, 1, 1, 1, 1, 1, 1, 1, 1, 1, 1, 1, 1, 1, 1, 1, 1, 1, 1, 1, 1, 1, 1, 1, 1, 1, 1, 1, 1, 1, 1, 1, 1, 1, 1, 1, 1, 1, 1, 1, 1, 1, 1, 1, 1, 1, 1, 1, 1, 1, 1, 1, 1, 1, 1, 1, 1, 1, 1, 1, 1, 1, 1, 1, 1, 1, 1, 1, 1, 1, 1, 1, 1, 1, 1, 1, 1, 1, 1, 1, 1, 1, 1, 1, 1, 1, 1, 1, 1, 1, 1, 1, 1, 1, 1, 1, 1, 1, 1, 1, 1, 1, 1, 1, 1, 1, 1, 1, 1, 1, 1, 1, 1, 1, 1, 1, 1, 1, 1, 1, 1, 1, 1, 1, 1, 1, 1, 1, 1, 1, 1, 1, 1, 1, 1, 1, 1, 1, 1, 1, 1, 1, 1, 1, 1, 1, 1, 1, 1, 1, 1, 1, 1, 1, 1, 1, 1, 1, 1, 1, 1, 1, 1, 1, 1, 1, 1, 1, 1, 1, 1, 1, 1, 1, 1, 1, 1, 1, 1, 1, 1, 1, 1, 1, 1, 1, 1, 1, 1, 1, 1, 1, 1, 1, 1, 1, 1, 1, 1, 1, 1, 1, 1, 1, 1, 1, 1, 1, 1, 1, 1, 1, 1, 1, 1, 1, 1, 1, 1, 1, 1, 1, 1, 1, 1, 1, 1, 1, 1, 1, 1, 1, 1, 1, 1, 1, 1, 1, 1, 1, 1, 1, 1, 1, 1, 1, 1, 1, 1, 1, 1, 1, 1, 1, 1, 1, 1, 1, 1, 1, 1, 1, 1, 1, 1, 1, 1, 1, 1, 1, 1, 1, 1, 1, 1, 1, 1, 1, 1, 1, 1, 1, 1, 1, 1, 1, 1, 1, 1, 1, 1, 1, 1, 1, 1, 1, 1, 1, 1, 1, 1, 1, 1, 1, 1, 1, 1, 1, 1, 1, 1, 1, 1, 1, 1, 1, 1, 1, 1, 1, 1, 1, 1, 1, 1, 1, 1, 1, 1, 1, 1, 1, 1, 1, 1, 1, 1, 1, 1, 1, 1, 1, 1, 1, 1, 1, 1, 1, 1, 1, 1, 1, 1, 1, 1, 1, 1, 1, 1, 1, 1, 1, 1, 1, 1, 1, 1, 1, 1, 1, 1, 1, 1, 1, 1, 1, 1, 1, 1, 1, 1, 1, 1, 1, 1, 1, 1, 1, 1, 1, 1, 1, 1, 1, 1, 1, 1, 1, 1, 1, 1, 1, 1, 1, 1, 1, 1, 1, 1, 1, 1, 1, 1, 1, 1, 1, 1, 1, 1, 1, 1, 1, 1, 1, 1, 1, 1, 1, 1, 1, 1, 1, 1, 1, 1, 1, 1, 1, 1, 1, 1, 1, 1, 1, 1, 1, 1, 1, 1, 1, 1, 1, 1, 1, 1, 1, 1, 1, 1, 1, 1, 1, 1, 1, 1, 1, 1, 1, 1, 1, 1, 1, 1, 1, 1, 1, 1, 1, 1, 1, 1, 1, 1, 1, 1, 1, 1, 1, 1, 1, 1, 1, 1, 1, 1, 1, 1, 1, 1, 1, 1, 1, 1, 1, 1, 1, 1, 1, 1, 1, 1, 1, 1, 1, 1, 1, 1, 1, 1, 1, 1, 1, 1, 1, 1, 1, 1, 1, 1, 1, 1, 1, 1, 1, 1, 1, 1, 1, 1, 1, 1, 1, 1, 1, 1, 1, 1, 1, 1, 1, 1, 1, 1, 1, 1, 1, 1, 1, 1, 1, 1, 1, 1, 1, 1, 1, 1, 1, 1, 1, 1, 1, 1, 1, 1, 1, 1, 1, 1, 1, 1, 1, 1, 1, 1, 1, 1, 1, 1, 1, 1, 1, 1, 1, 1, 1, 1, 1, 1, 1, 1, 1, 1, 1, 1, 1, 1, 1, 1, 1, 1, 1, 1, 1, 1, 1, 1, 1, 1, 1, 1, 1, 1, 1, 1, 1, 1, 1, 1, 1, 1, 1, 1, 1, 1, 1, 1, 1, 1, 1, 1, 1, 1, 1, 1, 1, 1, 1, 1, 1, 1, 1, 1, 1, 1, 1, 1, 1, 1, 1, 1, 1, 1, 1, 1, 1, 1, 1, 1, 1, 1, 1, 1, 1, 1, 1, 1, 1, 1, 1, 1, 1, 1, 1, 1, 1, 1, 1, 1, 1, 1, 1, 1, 1, 1, 1, 1, 1, 1, 1, 1, 1, 1, 1, 1, 1, 1, 1, 1, 1, 1, 1, 1, 1, 1, 1, 1, 1, 1, 1, 1, 1, 1, 1, 1, 1, 1, 1, 1, 1, 1, 1, 1, 1, 1, 1, 1, 1, 1, 1, 1, 1, 1, 1, 1, 1, 1, 1, 1, 1, 1, 1, 1, 1, 1, 1, 1, 1, 1, 1, 1, 1, 1, 1, 1]

----------------------------------------
Signal: Position Feedback
Data Points: 2000
Values: [54.0745, 54.0745, 54.0745, 54.0745, 54.0745, 54.0745, 54.0745, 54.0745, 54.0745, 54.0745, 54.0745, 54.0745, 54.075, 54.075, 54.075, 54.075, 54.075, 54.075, 54.075, 54.075, 54.075, 54.075, 54.075, 54.075, 54.075, 54.075, 54.075, 54.075, 54.075, 54.075, 54.075, 54.075, 54.075, 54.075, 54.075, 54.075, 54.075, 54.075, 54.075, 54.075, 54.075, 54.075, 54.075, 54.075, 54.075, 54.075, 54.075, 54.075, 54.075, 54.075, 54.075, 54.075, 54.075, 54.075, 54.075, 54.075, 54.075, 54.075, 54.075, 54.075, 54.075, 54.075, 54.075, 54.075, 54.075, 54.075, 54.075, 54.075, 54.075, 54.075, 54.075, 54.075, 54.075, 54.075, 54.075, 54.075, 54.075, 54.075, 54.075, 54.075, 54.075, 54.075, 54.075, 54.075, 54.075, 54.075, 54.075, 54.075, 54.075, 54.075, 54.075, 54.075, 54.075, 54.075, 54.075, 54.075, 54.075, 54.075, 54.075, 54.075, 54.075, 54.075, 54.075, 54.075, 54.075, 54.075, 54.075, 54.075, 54.075, 54.075, 54.075, 54.075, 54.075, 54.075, 54.075, 54.075, 54.075, 54.075, 54.075, 54.075, 54.075, 54.075, 54.075, 54.075, 54.075, 54.075, 54.075, 54.075, 54.075, 54.075, 54.075, 54.075, 54.075, 54.075, 54.075, 54.075, 54.075, 54.075, 54.075, 54.075, 54.075, 54.075, 54.075, 54.075, 54.075, 54.075, 54.075, 54.075, 54.075, 54.075, 54.075, 54.075, 54.075, 54.075, 54.075, 54.075, 54.075, 54.075, 54.075, 54.075, 54.075, 54.075, 54.075, 54.075, 54.075, 54.075, 54.075, 54.075, 54.075, 54.075, 54.075, 54.075, 54.075, 54.075, 54.075, 54.075, 54.075, 54.075, 54.075, 54.075, 54.075, 54.075, 54.075, 54.075, 54.075, 54.075, 54.075, 54.075, 54.075, 54.075, 54.075, 54.075, 54.075, 54.075, 54.075, 54.075, 54.075, 54.075, 54.075, 54.075, 54.075, 54.075, 54.075, 54.075, 54.075, 54.075, 54.075, 54.075, 54.075, 54.075, 54.075, 54.075, 54.075, 54.075, 54.075, 54.075, 54.075, 54.075, 54.075, 54.075, 54.075, 54.075, 54.075, 54.075, 54.075, 54.075, 54.075, 54.075, 54.075, 54.075, 54.075, 54.075, 54.075, 54.075, 54.075, 54.075, 54.075, 54.075, 54.075, 54.075, 54.075, 54.075, 54.075, 54.075, 54.075, 54.075, 54.075, 54.075, 54.075, 54.075, 54.075, 54.075, 54.075, 54.075, 54.075, 54.075, 54.075, 54.075, 54.075, 54.075, 54.075, 54.075, 54.075, 54.075, 54.075, 54.075, 54.075, 54.075, 54.075, 54.075, 54.075, 54.075, 54.075, 54.075, 54.075, 54.075, 54.075, 54.075, 54.075, 54.075, 54.075, 54.075, 54.075, 54.075, 54.075, 54.075, 54.075, 54.075, 54.075, 54.075, 54.075, 54.075, 54.075, 54.075, 54.075, 54.075, 54.075, 54.075, 54.075, 54.075, 54.075, 54.075, 54.075, 54.075, 54.075, 54.075, 54.075, 54.075, 54.075, 54.075, 54.075, 54.075, 54.075, 54.075, 54.075, 54.075, 54.075, 54.075, 54.075, 54.075, 54.075, 54.075, 54.075, 54.075, 54.075, 54.075, 54.075, 54.075, 54.075, 54.075, 54.075, 54.075, 54.075, 54.075, 54.075, 54.075, 54.075, 54.075, 54.075, 54.075, 54.075, 54.075, 54.075, 54.075, 54.075, 54.075, 54.075, 54.075, 54.075, 54.075, 54.075, 54.075, 54.075, 54.075, 54.075, 54.075, 54.075, 54.075, 54.075, 54.075, 54.075, 54.075, 54.075, 54.075, 54.075, 54.075, 54.075, 54.075, 54.075, 54.075, 54.075, 54.075, 54.075, 54.075, 54.075, 54.075, 54.075, 54.075, 54.075, 54.075, 54.075, 54.075, 54.075, 54.075, 54.075, 54.075, 54.075, 54.075, 54.075, 54.075, 54.075, 54.075, 54.075, 54.075, 54.075, 54.075, 54.075, 54.075, 54.075, 54.075, 54.075, 54.075, 54.075, 54.075, 54.075, 54.075, 54.075, 54.075, 54.075, 54.075, 54.075, 54.075, 54.075, 54.075, 54.075, 54.075, 54.075, 54.075, 54.075, 54.075, 54.075, 54.075, 54.075, 54.075, 54.075, 54.075, 54.075, 54.075, 54.075, 54.075, 54.075, 54.075, 54.075, 54.075, 54.075, 54.075, 54.075, 54.075, 54.075, 54.075, 54.075, 54.075, 54.075, 54.075, 54.075, 54.075, 54.075, 54.075, 54.075, 54.075, 54.075, 54.075, 54.075, 54.075, 54.075, 54.075, 54.075, 54.075, 54.075, 54.075, 54.075, 54.075, 54.075, 54.075, 54.075, 54.075, 54.075, 54.075, 54.075, 54.075, 54.075, 54.075, 54.075, 54.075, 54.075, 54.075, 54.075, 54.075, 54.075, 54.075, 54.075, 54.075, 54.075, 54.075, 54.075, 54.075, 54.075, 54.075, 54.075, 54.075, 54.075, 54.075, 54.075, 54.075, 54.075, 54.075, 54.075, 54.075, 54.075, 54.075, 54.075, 54.075, 54.075, 54.075, 54.075, 54.075, 54.075, 54.075, 54.075, 54.075, 54.075, 54.075, 54.075, 54.075, 54.075, 54.075, 54.075, 54.075, 54.075, 54.075, 54.075, 54.075, 54.075, 54.075, 54.075, 54.075, 54.075, 54.075, 54.075, 54.075, 54.075, 54.075, 54.075, 54.075, 54.075, 54.075, 54.075, 54.075, 54.075, 54.075, 54.075, 54.075, 54.075, 54.075, 54.075, 54.075, 54.075, 54.075, 54.075, 54.075, 54.075, 54.075, 54.075, 54.075, 54.075, 54.075, 54.075, 54.075, 54.075, 54.075, 54.075, 54.075, 54.075, 54.075, 54.075, 54.075, 54.075, 54.075, 54.075, 54.075, 54.075, 54.075, 54.075, 54.075, 54.075, 54.075, 54.075, 54.075, 54.075, 54.075, 54.075, 54.075, 54.075, 54.075, 54.075, 54.075, 54.075, 54.075, 54.075, 54.075, 54.075, 54.075, 54.075, 54.075, 54.075, 54.075, 54.075, 54.075, 54.075, 54.075, 54.075, 54.075, 54.075, 54.075, 54.075, 54.075, 54.075, 54.075, 54.075, 54.075, 54.075, 54.075, 54.075, 54.075, 54.075, 54.075, 54.075, 54.075, 54.075, 54.075, 54.075, 54.075, 54.075, 54.075, 54.075, 54.075, 54.075, 54.075, 54.075, 54.075, 54.075, 54.075, 54.075, 54.075, 54.075, 54.075, 54.075, 54.075, 54.075, 54.075, 54.075, 54.075, 54.075, 54.075, 54.075, 54.075, 54.075, 54.075, 54.075, 54.075, 54.075, 54.075, 54.075, 54.075, 54.075, 54.075, 54.075, 54.075, 54.075, 54.075, 54.075, 54.075, 54.075, 54.075, 54.075, 54.075, 54.075, 54.075, 54.075, 54.075, 54.075, 54.075, 54.075, 54.075, 54.075, 54.075, 54.075, 54.075, 54.075, 54.075, 54.075, 54.075, 54.075, 54.075, 54.075, 54.075, 54.075, 54.075, 54.075, 54.075, 54.075, 54.075, 54.075, 54.075, 54.075, 54.075, 54.075, 54.075, 54.075, 54.075, 54.075, 54.075, 54.075, 54.075, 54.075, 54.075, 54.075, 54.075, 54.075, 54.075, 54.075, 54.075, 54.075, 54.075, 54.075, 54.075, 54.075, 54.075, 54.075, 54.0755, 54.0755, 54.0755, 54.0755, 54.0755, 54.0755, 54.0755, 54.0755, 54.0755, 54.0755, 54.0755, 54.0755, 54.0755, 54.0755, 54.0755, 54.0755, 54.0755, 54.0755, 54.0755, 54.0755, 54.0755, 54.0755, 54.0755, 54.0755, 54.0755, 54.0755, 54.0755, 54.0755, 54.0755, 54.0755, 54.0755, 54.0755, 54.0755, 54.0755, 54.0755, 54.0755, 54.0755, 54.0755, 54.0755, 54.0755, 54.0755, 54.0755, 54.0755, 54.0755, 54.0755, 54.0755, 54.0755, 54.0755, 54.0755, 54.0755, 54.0755, 54.0755, 54.0755, 54.0755, 54.0755, 54.0755, 54.0755, 54.0755, 54.0755, 54.0755, 54.0755, 54.0755, 54.0755, 54.0755, 54.0755, 54.0755, 54.0755, 54.0755, 54.0755, 54.0755, 54.0755, 54.0755, 54.0755, 54.0755, 54.0755, 54.0755, 54.0755, 54.0755, 54.0755, 54.0755, 54.0755, 54.0755, 54.0755, 54.0755, 54.0755, 54.0755, 54.0755, 54.0755, 54.0755, 54.0755, 54.0755, 54.0755, 54.0755, 54.0755, 54.0755, 54.0755, 54.0755, 54.0755, 54.0755, 54.0755, 54.0755, 54.0755, 54.0755, 54.0755, 54.0755, 54.0755, 54.0755, 54.0755, 54.0755, 54.0755, 54.0755, 54.0755, 54.0755, 54.0755, 54.0755, 54.0755, 54.0755, 54.0755, 54.0755, 54.0755, 54.0755, 54.0755, 54.0755, 54.0755, 54.0755, 54.0755, 54.0755, 54.0755, 54.0755, 54.0755, 54.0755, 54.0755, 54.0755, 54.0755, 54.0755, 54.0755, 54.0755, 54.0755, 54.0755, 54.0755, 54.0755, 54.0755, 54.0755, 54.0755, 54.0755, 54.0755, 54.0755, 54.0755, 54.0755, 54.0755, 54.0755, 54.0755, 54.0755, 54.0755, 54.0755, 54.0755, 54.0755, 54.0755, 54.0755, 54.0755, 54.0755, 54.0755, 54.0755, 54.0755, 54.0755, 54.0755, 54.0755, 54.0755, 54.0755, 54.0755, 54.0755, 54.0755, 54.0755, 54.0755, 54.0755, 54.0755, 54.0755, 54.0755, 54.0755, 54.0755, 54.0755, 54.0755, 54.0755, 54.0755, 54.0755, 54.0755, 54.0755, 54.0755, 54.0755, 54.0755, 54.0755, 54.0755, 54.0755, 54.0755, 54.0755, 54.0755, 54.0755, 54.0755, 54.0755, 54.0755, 54.0755, 54.0755, 54.0755, 54.0755, 54.0755, 54.0755, 54.0755, 54.0755, 54.0755, 54.0755, 54.0755, 54.0755, 54.0755, 54.0755, 54.0755, 54.0755, 54.0755, 54.0755, 54.0755, 54.0755, 54.0755, 54.0755, 54.0755, 54.0755, 54.0755, 54.0755, 54.0755, 54.0755, 54.0755, 54.0755, 54.0755, 54.0755, 54.0755, 54.0755, 54.0755, 54.0755, 54.0755, 54.0755, 54.0755, 54.0755, 54.0755, 54.0755, 54.0755, 54.0755, 54.0755, 54.0755, 54.0755, 54.0755, 54.0755, 54.0755, 54.0755, 54.0755, 54.0755, 54.0755, 54.0755, 54.0755, 54.0755, 54.0755, 54.0755, 54.0755, 54.0755, 54.0755, 54.0755, 54.0755, 54.0755, 54.0755, 54.0755, 54.0755, 54.0755, 54.0755, 54.0755, 54.0755, 54.0755, 54.0755, 54.0755, 54.0755, 54.0755, 54.0755, 54.0755, 54.0755, 54.0755, 54.0755, 54.0755, 54.0755, 54.0755, 54.0755, 54.0755, 54.0755, 54.0755, 54.0755, 54.0755, 54.0755, 54.0755, 54.0755, 54.0755, 54.0755, 54.0755, 54.0755, 54.0755, 54.0755, 54.0755, 54.0755, 54.0755, 54.0755, 54.0755, 54.0755, 54.0755, 54.0755, 54.0755, 54.0755, 54.0755, 54.0755, 54.0755, 54.0755, 54.0755, 54.0755, 54.0755, 54.0755, 54.0755, 54.0755, 54.0755, 54.0755, 54.0755, 54.0755, 54.0755, 54.0755, 54.0755, 54.0755, 54.0755, 54.0755, 54.0755, 54.0755, 54.0755, 54.0755, 54.0755, 54.0755, 54.0755, 54.0755, 54.0755, 54.0755, 54.0755, 54.0755, 54.0755, 54.0755, 54.0755, 54.0755, 54.0755, 54.0755, 54.0755, 54.0755, 54.0755, 54.0755, 54.0755, 54.0755, 54.0755, 54.0755, 54.0755, 54.0755, 54.0755, 54.0755, 54.0755, 54.0755, 54.0755, 54.0755, 54.0755, 54.0755, 54.0755, 54.0755, 54.0755, 54.0755, 54.0755, 54.0755, 54.0755, 54.0755, 54.0755, 54.0755, 54.0755, 54.0755, 54.0755, 54.0755, 54.0755, 54.0755, 54.0755, 54.0755, 54.0755, 54.0755, 54.0755, 54.0755, 54.0755, 54.0755, 54.0755, 54.0755, 54.0755, 54.0755, 54.0755, 54.0755, 54.0755, 54.0755, 54.0755, 54.0755, 54.0755, 54.0755, 54.0755, 54.0755, 54.0755, 54.0755, 54.0755, 54.0755, 54.0755, 54.0755, 54.0755, 54.0755, 54.0755, 54.0755, 54.0755, 54.0755, 54.0755, 54.0755, 54.0755, 54.0755, 54.0755, 54.0755, 54.0755, 54.0755, 54.0755, 54.0755, 54.0755, 54.0755, 54.0755, 54.0755, 54.0755, 54.0755, 54.0755, 54.0755, 54.0755, 54.0755, 54.0755, 54.0755, 54.0755, 54.0755, 54.0755, 54.0755, 54.0755, 54.0755, 54.0755, 54.0755, 54.0755, 54.0755, 54.0755, 54.0755, 54.0755, 54.0755, 54.0755, 54.0755, 54.0755, 54.0755, 54.0755, 54.0755, 54.0755, 54.0755, 54.0755, 54.0755, 54.0755, 54.0755, 54.0755, 54.0755, 54.0755, 54.0755, 54.0755, 54.0755, 54.0755, 54.0755, 54.0755, 54.0755, 54.0755, 54.0755, 54.0755, 54.0755, 54.0755, 54.0755, 54.0755, 54.0755, 54.0755, 54.0755, 54.0755, 54.0755, 54.0755, 54.0755, 54.0755, 54.0755, 54.0755, 54.0755, 54.0755, 54.0755, 54.0755, 54.0755, 54.0755, 54.0755, 54.0755, 54.0755, 54.0755, 54.0755, 54.0755, 54.0755, 54.0755, 54.0755, 54.0755, 54.0755, 54.0755, 54.0755, 54.0755, 54.0755, 54.0755, 54.0755, 54.0755, 54.0755, 54.0755, 54.0755, 54.0755, 54.0755, 54.0755, 54.0755, 54.0755, 54.0755, 54.0755, 54.0755, 54.0755, 54.0755, 54.0755, 54.0755, 54.0755, 54.0755, 54.0755, 54.0755, 54.0755, 54.0755, 54.0755, 54.0755, 54.0755, 54.0755, 54.0755, 54.0755, 54.0755, 54.0755, 54.0755, 54.0755, 54.0755, 54.0755, 54.0755, 54.0755, 54.0755, 54.0755, 54.0755, 54.0755, 54.0755, 54.0755, 54.0755, 54.0755, 54.0755, 54.0755, 54.0755, 54.0755, 54.0755, 54.0755, 54.0755, 54.0755, 54.0755, 54.0755, 54.0755, 54.0755, 54.0755, 54.0755, 54.0755, 54.0755, 54.0755, 54.0755, 54.0755, 54.0755, 54.0755, 54.0755, 54.0755, 54.0755, 54.0755, 54.0755, 54.0755, 54.0755, 54.0755, 54.0755, 54.0755, 54.0755, 54.0755, 54.0755, 54.0755, 54.0755, 54.0755, 54.0755, 54.0755, 54.0755, 54.0755, 54.0755, 54.0755, 54.0755, 54.0755, 54.0755, 54.0755, 54.0755, 54.0755, 54.0755, 54.0755, 54.0755, 54.0755, 54.0755, 54.0755, 54.0755, 54.0755, 54.0755, 54.0755, 54.0755, 54.0755, 54.0755, 54.0755, 54.0755, 54.0755, 54.0755, 54.0755, 54.0755, 54.0755, 54.0755, 54.0755, 54.0755, 54.0755, 54.0755, 54.0755, 54.0755, 54.0755, 54.0755, 54.0755, 54.0755, 54.0755, 54.0755, 54.0755, 54.0755, 54.0755, 54.0755, 54.0755, 54.0755, 54.0755, 54.0755, 54.0755, 54.0755, 54.0755, 54.0755, 54.0755, 54.0755, 54.0755, 54.0755, 54.0755, 54.0755, 54.0755, 54.0755, 54.0755, 54.0755, 54.0755, 54.0755, 54.0755, 54.0755, 54.0755, 54.0755, 54.0755, 54.0755, 54.0755, 54.0755, 54.0755, 54.0755, 54.0755, 54.0755, 54.0755, 54.0755, 54.0755, 54.0755, 54.0755, 54.0755, 54.0755, 54.0755, 54.0755, 54.0755, 54.0755, 54.0755, 54.0755, 54.0755, 54.0755, 54.0755, 54.0755, 54.0755, 54.0755, 54.0755, 54.0755, 54.0755, 54.0755, 54.0755, 54.0755, 54.0755, 54.0755, 54.0755, 54.0755, 54.0755, 54.0755, 54.0755, 54.0755, 54.0755, 54.0755, 54.0755, 54.0755, 54.0755, 54.0755, 54.0755, 54.0755, 54.0755, 54.0755, 54.0755, 54.0755, 54.0755, 54.0755, 54.0755, 54.0755, 54.0755, 54.0755, 54.0755, 54.0755, 54.0755, 54.0755, 54.0755, 54.0755, 54.0755, 54.0755, 54.0755, 54.0755, 54.0755, 54.0755, 54.0755, 54.0755, 54.0755, 54.0755, 54.0755, 54.0755, 54.0755, 54.0755, 54.0755, 54.0755, 54.0755, 54.0755, 54.0755, 54.0755, 54.0755, 54.0755, 54.0755, 54.0755, 54.0755, 54.0755, 54.0755, 54.0755, 54.0755, 54.0755, 54.0755, 54.0755, 54.0755, 54.0755, 54.0755, 54.0755, 54.0755, 54.0755, 54.0755, 54.0755, 54.0755, 54.0755, 54.0755, 54.0755, 54.0755, 54.0755, 54.0755, 54.0755, 54.0755, 54.0755, 54.0755, 54.0755, 54.0755, 54.0755, 54.0755, 54.0755, 54.0755, 54.0755, 54.0755, 54.0755, 54.0755, 54.0755, 54.0755, 54.0755, 54.0755, 54.0755, 54.0755, 54.0755, 54.0755, 54.0755, 54.0755, 54.0755, 54.0755, 54.0755, 54.0755, 54.0755, 54.0755, 54.0755, 54.0755, 54.0755, 54.0755, 54.0755, 54.0755, 54.0755, 54.0755, 54.0755, 54.0755, 54.0755, 54.0755, 54.0755, 54.0755, 54.0755, 54.0755, 54.0755, 54.0755, 54.0755, 54.0755, 54.0755, 54.0755, 54.0755, 54.0755, 54.0755, 54.0755, 54.0755, 54.0755, 54.0755, 54.0755, 54.0755, 54.0755, 54.0755, 54.0755, 54.0755, 54.0755, 54.0755, 54.0755, 54.0755, 54.0755, 54.0755, 54.0755, 54.0755, 54.0755, 54.0755, 54.0755, 54.0755, 54.0755, 54.0755, 54.0755, 54.0755, 54.0755, 54.0755, 54.0755, 54.0755, 54.0755, 54.0755, 54.0755, 54.0755, 54.0755, 54.0755, 54.0755, 54.0755, 54.0755, 54.0755, 54.0755, 54.0755, 54.0755, 54.0755, 54.0755, 54.0755, 54.0755, 54.0755, 54.0755, 54.0755, 54.0755, 54.0755, 54.0755, 54.0755, 54.0755, 54.0755, 54.0755, 54.0755, 54.0755, 54.0755, 54.0755, 54.0755, 54.0755, 54.0755, 54.0755, 54.0755, 54.0755, 54.0755, 54.0755, 54.0755, 54.0755, 54.0755, 54.0755, 54.0755, 54.0755, 54.0755, 54.0755, 54.0755, 54.0755, 54.0755, 54.0755, 54.0755, 54.0755, 54.0755, 54.0755, 54.0755, 54.0755, 54.0755, 54.0755, 54.0755, 54.0755, 54.0755, 54.0755, 54.0755, 54.0755, 54.0755, 54.0755, 54.0755, 54.0755, 54.0755, 54.0755, 54.0755, 54.0755, 54.0755, 54.0755, 54.0755, 54.0755, 54.0755, 54.0755, 54.0755, 54.0755, 54.0755, 54.0755, 54.0755, 54.0755, 54.0755, 54.0755, 54.0755, 54.0755, 54.0755, 54.0755, 54.0755, 54.0755, 54.0755, 54.0755, 54.0755, 54.0755, 54.0755, 54.0755, 54.0755, 54.0755, 54.0755, 54.0755, 54.0755, 54.0755, 54.0755, 54.0755, 54.0755, 54.0755, 54.0755, 54.0755, 54.0755, 54.0755, 54.0755, 54.0755, 54.0755, 54.0755, 54.0755, 54.0755, 54.0755, 54.0755, 54.0755, 54.0755, 54.0755, 54.0755, 54.0755, 54.0755, 54.0755, 54.0755, 54.0755, 54.0755, 54.0755, 54.0755, 54.0755, 54.0755, 54.0755, 54.0755, 54.0755, 54.0755, 54.0755, 54.0755, 54.0755, 54.0755, 54.0755, 54.0755, 54.0755, 54.0755, 54.0755, 54.0755, 54.0755, 54.0755, 54.0755, 54.0755, 54.0755, 54.0755, 54.0755, 54.0755, 54.0755, 54.0755, 54.0755, 54.0755, 54.0755, 54.0755, 54.0755, 54.0755, 54.0755, 54.0755, 54.0755, 54.0755, 54.0755, 54.0755, 54.0755, 54.0755, 54.0755, 54.0755, 54.0755, 54.0755, 54.0755, 54.0755, 54.0755, 54.0755, 54.0755, 54.0755, 54.0755, 54.0755, 54.0755, 54.0755, 54.0755, 54.0755, 54.0755, 54.0755, 54.0755, 54.0755, 54.0755, 54.0755, 54.0755, 54.0755, 54.0755, 54.0755, 54.0755, 54.0755, 54.0755, 54.0755, 54.0755, 54.0755, 54.0755, 54.0755, 54.0755, 54.0755, 54.0755, 54.0755, 54.0755, 54.0755, 54.0755, 54.0755, 54.0755, 54.0755, 54.0755, 54.0755, 54.0755, 54.0755, 54.0755, 54.0755, 54.0755, 54.0755, 54.0755, 54.0755, 54.0755, 54.0755, 54.0755, 54.0755, 54.0755, 54.0755, 54.0755, 54.0755, 54.0755, 54.0755, 54.0755, 54.0755, 54.0755, 54.0755, 54.0755, 54.0755, 54.0755, 54.0755, 54.0755, 54.0755, 54.0755, 54.0755, 54.0755, 54.0755, 54.0755, 54.0755, 54.0755, 54.0755, 54.0755, 54.0755, 54.0755, 54.0755, 54.0755, 54.0755, 54.0755, 54.0755, 54.0755, 54.0755, 54.0755, 54.0755, 54.0755, 54.0755, 54.0755, 54.0755, 54.0755, 54.0755, 54.0755, 54.0755, 54.0755, 54.0755, 54.0755, 54.0755, 54.0755, 54.0755, 54.0755, 54.0755, 54.0755, 54.0755, 54.0755, 54.0755, 54.0755, 54.0755, 54.0755, 54.0755, 54.0755, 54.0755, 54.0755, 54.0755, 54.0755, 54.0755, 54.0755, 54.0755, 54.0755, 54.0755, 54.0755, 54.0755, 54.0755, 54.0755, 54.0755, 54.0755, 54.0755, 54.0755, 54.0755, 54.0755, 54.0755, 54.0755, 54.0755, 54.0755, 54.0755, 54.0755, 54.0755, 54.0755, 54.0755, 54.0755, 54.0755, 54.0755, 54.0755, 54.0755, 54.0755, 54.0755, 54.0755, 54.0755, 54.0755, 54.0755, 54.0755, 54.0755, 54.0755, 54.0755, 54.0755, 54.0755, 54.0755, 54.0755, 54.0755, 54.0755, 54.0755, 54.0755, 54.0755, 54.0755, 54.0755, 54.0755, 54.0755, 54.0755, 54.0755, 54.0755, 54.0755, 54.0755, 54.0755, 54.0755, 54.0755, 54.0755, 54.0755, 54.0755, 54.0755, 54.0755, 54.0755, 54.0755, 54.0755, 54.0755, 54.0755, 54.0755, 54.0755, 54.0755, 54.0755, 54.0755, 54.0755, 54.0755, 54.0755, 54.0755, 54.0755, 54.0755, 54.0755, 54.0755, 54.0755, 54.0755, 54.0755, 54.0755, 54.0755, 54.0755, 54.0755, 54.0755, 54.0755, 54.0755, 54.0755, 54.0755, 54.0755, 54.0755, 54.0755, 54.0755, 54.0755, 54.0755, 54.0755, 54.0755, 54.0755, 54.0755, 54.0755, 54.0755, 54.0755, 54.0755, 54.0755, 54.0755, 54.0755, 54.0755, 54.0755, 54.0755, 54.0755, 54.0755, 54.0755, 54.0755, 54.0755]

----------------------------------------
