Signal Data Log
========================================

Signal: Fault Bit Toggled
Data Points: 2000
Values: [0, 0, 0, 0, 0, 0, 0, 0, 0, 0, 0, 1, 1, 1, 1, 1, 1, 1, 1, 1, 1, 1, 1, 1, 1, 1, 1, 1, 1, 1, 1, 1, 1, 1, 1, 1, 1, 1, 1, 1, 1, 1, 1, 1, 1, 1, 1, 1, 1, 1, 1, 1, 1, 1, 1, 1, 1, 1, 1, 1, 1, 1, 1, 1, 1, 1, 1, 1, 1, 1, 1, 1, 1, 1, 1, 1, 1, 1, 1, 1, 1, 1, 1, 1, 1, 1, 1, 1, 1, 1, 1, 1, 1, 1, 1, 1, 1, 1, 1, 1, 1, 1, 1, 1, 1, 1, 1, 1, 1, 1, 1, 1, 1, 1, 1, 1, 1, 1, 1, 1, 1, 1, 1, 1, 1, 1, 1, 1, 1, 1, 1, 1, 1, 1, 1, 1, 1, 1, 1, 1, 1, 1, 1, 1, 1, 1, 1, 1, 1, 1, 1, 1, 1, 1, 1, 1, 1, 1, 1, 1, 1, 1, 1, 1, 1, 1, 1, 1, 1, 1, 1, 1, 1, 1, 1, 1, 1, 1, 1, 1, 1, 1, 1, 1, 1, 1, 1, 1, 1, 1, 1, 1, 1, 1, 1, 1, 1, 1, 1, 1, 1, 1, 1, 1, 1, 1, 1, 1, 1, 1, 1, 1, 1, 1, 1, 1, 1, 1, 1, 1, 1, 1, 1, 1, 1, 1, 1, 1, 1, 1, 1, 1, 1, 1, 1, 1, 1, 1, 1, 1, 1, 1, 1, 1, 1, 1, 1, 1, 1, 1, 1, 1, 1, 1, 1, 1, 1, 1, 1, 1, 1, 1, 1, 1, 1, 1, 1, 1, 1, 1, 1, 1, 1, 1, 1, 1, 1, 1, 1, 1, 1, 1, 1, 1, 1, 1, 1, 1, 1, 1, 1, 1, 1, 1, 1, 1, 1, 1, 1, 1, 1, 1, 1, 1, 1, 1, 1, 1, 1, 1, 1, 1, 1, 1, 1, 1, 1, 1, 1, 1, 1, 1, 1, 1, 1, 1, 1, 1, 1, 1, 1, 1, 1, 1, 1, 1, 1, 1, 1, 1, 1, 1, 1, 1, 1, 1, 1, 1, 1, 1, 1, 1, 1, 1, 1, 1, 1, 1, 1, 1, 1, 1, 1, 1, 1, 1, 1, 1, 1, 1, 1, 1, 1, 1, 1, 1, 1, 1, 1, 1, 1, 1, 1, 1, 1, 1, 1, 1, 1, 1, 1, 1, 1, 1, 1, 1, 1, 1, 1, 1, 1, 1, 1, 1, 1, 1, 1, 1, 1, 1, 1, 1, 1, 1, 1, 1, 1, 1, 1, 1, 1, 1, 1, 1, 1, 1, 1, 1, 1, 1, 1, 1, 1, 1, 1, 1, 1, 1, 1, 1, 1, 1, 1, 1, 1, 1, 1, 1, 1, 1, 1, 1, 1, 1, 1, 1, 1, 1, 1, 1, 1, 1, 1, 1, 1, 1, 1, 1, 1, 1, 1, 1, 1, 1, 1, 1, 1, 1, 1, 1, 1, 1, 1, 1, 1, 1, 1, 1, 1, 1, 1, 1, 1, 1, 1, 1, 1, 1, 1, 1, 1, 1, 1, 1, 1, 1, 1, 1, 1, 1, 1, 1, 1, 1, 1, 1, 1, 1, 1, 1, 1, 1, 1, 1, 1, 1, 1, 1, 1, 1, 1, 1, 1, 1, 1, 1, 1, 1, 1, 1, 1, 1, 1, 1, 1, 1, 1, 1, 1, 1, 1, 1, 1, 1, 1, 1, 1, 1, 1, 1, 1, 1, 1, 1, 1, 1, 1, 1, 1, 1, 1, 1, 1, 1, 1, 1, 1, 1, 1, 1, 1, 1, 1, 1, 1, 1, 1, 1, 1, 1, 1, 1, 1, 1, 1, 1, 1, 1, 1, 1, 1, 1, 1, 1, 1, 1, 1, 1, 1, 1, 1, 1, 1, 1, 1, 1, 1, 1, 1, 1, 1, 1, 1, 1, 1, 1, 1, 1, 1, 1, 1, 1, 1, 1, 1, 1, 1, 1, 1, 1, 1, 1, 1, 1, 1, 1, 1, 1, 1, 1, 1, 1, 1, 1, 1, 1, 1, 1, 1, 1, 1, 1, 1, 1, 1, 1, 1, 1, 1, 1, 1, 1, 1, 1, 1, 1, 1, 1, 1, 1, 1, 1, 1, 1, 1, 1, 1, 1, 1, 1, 1, 1, 1, 1, 1, 1, 1, 1, 1, 1, 1, 1, 1, 1, 1, 1, 1, 1, 1, 1, 1, 1, 1, 1, 1, 1, 1, 1, 1, 1, 1, 1, 1, 1, 1, 1, 1, 1, 1, 1, 1, 1, 1, 1, 1, 1, 1, 1, 1, 1, 1, 1, 1, 1, 1, 1, 1, 1, 1, 1, 1, 1, 1, 1, 1, 1, 1, 1, 1, 1, 1, 1, 1, 1, 1, 1, 1, 1, 1, 1, 1, 1, 1, 1, 1, 1, 1, 1, 1, 1, 1, 1, 1, 1, 1, 1, 1, 1, 1, 1, 1, 1, 1, 1, 1, 1, 1, 1, 1, 1, 1, 1, 1, 1, 1, 1, 1, 1, 1, 1, 1, 1, 1, 1, 1, 1, 1, 1, 1, 1, 1, 1, 1, 1, 1, 1, 1, 1, 1, 1, 1, 1, 1, 1, 1, 1, 1, 1, 1, 1, 1, 1, 1, 1, 1, 1, 1, 1, 1, 1, 1, 1, 1, 1, 1, 1, 1, 1, 1, 1, 1, 1, 1, 1, 1, 1, 1, 1, 1, 1, 1, 1, 1, 1, 1, 1, 1, 1, 1, 1, 1, 1, 1, 1, 1, 1, 1, 1, 1, 1, 1, 1, 1, 1, 1, 1, 1, 1, 1, 1, 1, 1, 1, 1, 1, 1, 1, 1, 1, 1, 1, 1, 1, 1, 1, 1, 1, 1, 1, 1, 1, 1, 1, 1, 1, 1, 1, 1, 1, 1, 1, 1, 1, 1, 1, 1, 1, 1, 1, 1, 1, 1, 1, 1, 1, 1, 1, 1, 1, 1, 1, 1, 1, 1, 1, 1, 1, 1, 1, 1, 1, 1, 1, 1, 1, 1, 1, 1, 1, 1, 1, 1, 1, 1, 1, 1, 1, 1, 1, 1, 1, 1, 1, 1, 1, 1, 1, 1, 1, 1, 1, 1, 1, 1, 1, 1, 1, 1, 1, 1, 1, 1, 1, 1, 1, 1, 1, 1, 1, 1, 1, 1, 1, 1, 1, 1, 1, 1, 1, 1, 1, 1, 1, 1, 1, 1, 1, 1, 1, 1, 1, 1, 1, 1, 1, 1, 1, 1, 1, 1, 1, 1, 1, 1, 1, 1, 1, 1, 1, 1, 1, 1, 1, 1, 1, 1, 1, 1, 1, 1, 1, 1, 1, 1, 1, 1, 1, 1, 1, 1, 1, 1, 1, 1, 1, 1, 1, 1, 1, 1, 1, 1, 1, 1, 1, 1, 1, 1, 1, 1, 1, 1, 1, 1, 1, 1, 1, 1, 1, 1, 1, 1, 1, 1, 1, 1, 1, 1, 1, 1, 1, 1, 1, 1, 1, 1, 1, 1, 1, 1, 1, 1, 1, 1, 1, 1, 1, 1, 1, 1, 1, 1, 1, 1, 1, 1, 1, 1, 1, 1, 1, 1, 1, 1, 1, 1, 1, 1, 1, 1, 1, 1, 1, 1, 1, 1, 1, 1, 1, 1, 1, 1, 1, 1, 1, 1, 1, 1, 1, 1, 1, 1, 1, 1, 1, 1, 1, 1, 1, 1, 1, 1, 1, 1, 1, 1, 1, 1, 1, 1, 1, 1, 1, 1, 1, 1, 1, 1, 1, 1, 1, 1, 1, 1, 1, 1, 1, 1, 1, 1, 1, 1, 1, 1, 1, 1, 1, 1, 1, 1, 1, 1, 1, 1, 1, 1, 1, 1, 1, 1, 1, 1, 1, 1, 1, 1, 1, 1, 1, 1, 1, 1, 1, 1, 1, 1, 1, 1, 1, 1, 1, 1, 1, 1, 1, 1, 1, 1, 1, 1, 1, 1, 1, 1, 1, 1, 1, 1, 1, 1, 1, 1, 1, 1, 1, 1, 1, 1, 1, 1, 1, 1, 1, 1, 1, 1, 1, 1, 1, 1, 1, 1, 1, 1, 1, 1, 1, 1, 1, 1, 1, 1, 1, 1, 1, 1, 1, 1, 1, 1, 1, 1, 1, 1, 1, 1, 1, 1, 1, 1, 1, 1, 1, 1, 1, 1, 1, 1, 1, 1, 1, 1, 1, 1, 1, 1, 1, 1, 1, 1, 1, 1, 1, 1, 1, 1, 1, 1, 1, 1, 1, 1, 1, 1, 1, 1, 1, 1, 1, 1, 1, 1, 1, 1, 1, 1, 1, 1, 1, 1, 1, 1, 1, 1, 1, 1, 1, 1, 1, 1, 1, 1, 1, 1, 1, 1, 1, 1, 1, 1, 1, 1, 1, 1, 1, 1, 1, 1, 1, 1, 1, 1, 1, 1, 1, 1, 1, 1, 1, 1, 1, 1, 1, 1, 1, 1, 1, 1, 1, 1, 1, 1, 1, 1, 1, 1, 1, 1, 1, 1, 1, 1, 1, 1, 1, 1, 1, 1, 1, 1, 1, 1, 1, 1, 1, 1, 1, 1, 1, 1, 1, 1, 1, 1, 1, 1, 1, 1, 1, 1, 1, 1, 1, 1, 1, 1, 1, 1, 1, 1, 1, 1, 1, 1, 1, 1, 1, 1, 1, 1, 1, 1, 1, 1, 1, 1, 1, 1, 1, 1, 1, 1, 1, 1, 1, 1, 1, 1, 1, 1, 1, 1, 1, 1, 1, 1, 1, 1, 1, 1, 1, 1, 1, 1, 1, 1, 1, 1, 1, 1, 1, 1, 1, 1, 1, 1, 1, 1, 1, 1, 1, 1, 1, 1, 1, 1, 1, 1, 1, 1, 1, 1, 1, 1, 1, 1, 1, 1, 1, 1, 1, 1, 1, 1, 1, 1, 1, 1, 1, 1, 1, 1, 1, 1, 1, 1, 1, 1, 1, 1, 1, 1, 1, 1, 1, 1, 1, 1, 1, 1, 1, 1, 1, 1, 1, 1, 1, 1, 1, 1, 1, 1, 1, 1, 1, 1, 1, 1, 1, 1, 1, 1, 1, 1, 1, 1, 1, 1, 1, 1, 1, 1, 1, 1, 1, 1, 1, 1, 1, 1, 1, 1, 1, 1, 1, 1, 1, 1, 1, 1, 1, 1, 1, 1, 1, 1, 1, 1, 1, 1, 1, 1, 1, 1, 1, 1, 1, 1, 1, 1, 1, 1, 1, 1, 1, 1, 1, 1, 1, 1, 1, 1, 1, 1, 1, 1, 1, 1, 1, 1, 1, 1, 1, 1, 1, 1, 1, 1, 1, 1, 1, 1, 1, 1, 1, 1, 1, 1, 1, 1, 1, 1, 1, 1, 1, 1, 1, 1, 1, 1, 1, 1, 1, 1, 1, 1, 1, 1, 1, 1, 1, 1, 1, 1, 1, 1, 1, 1, 1, 1, 1, 1, 1, 1, 1, 1, 1, 1, 1, 1, 1, 1, 1, 1, 1, 1, 1, 1, 1, 1, 1, 1, 1, 1, 1, 1, 1, 1, 1, 1, 1, 1, 1, 1, 1, 1, 1, 1, 1, 1, 1, 1, 1, 1, 1, 1, 1, 1, 1, 1, 1, 1, 1, 1, 1, 1, 1, 1, 1, 1, 1, 1, 1, 1, 1, 1, 1, 1, 1, 1, 1, 1, 1, 1, 1, 1, 1, 1, 1, 1, 1, 1, 1, 1, 1, 1, 1, 1, 1, 1, 1, 1, 1, 1, 1, 1, 1, 1, 1, 1, 1, 1, 1, 1, 1, 1, 1, 1, 1, 1, 1, 1, 1, 1, 1, 1, 1, 1, 1, 1, 1, 1, 1, 1, 1, 1, 1, 1, 1, 1, 1, 1, 1, 1, 1, 1, 1, 1, 1, 1, 1, 1, 1, 1, 1, 1, 1, 1, 1, 1, 1, 1, 1, 1, 1, 1, 1, 1, 1, 1, 1, 1, 1, 1, 1, 1, 1, 1, 1, 1, 1, 1, 1, 1, 1, 1, 1, 1, 1, 1, 1, 1, 1, 1, 1, 1, 1, 1, 1, 1, 1, 1, 1, 1, 1, 1, 1, 1, 1, 1, 1, 1, 1, 1, 1, 1, 1, 1, 1, 1, 1, 1, 1, 1, 1, 1, 1, 1, 1, 1, 1, 1, 1, 1, 1, 1, 1, 1, 1, 1, 1, 1, 1, 1, 1, 1, 1, 1, 1, 1, 1, 1, 1, 1, 1, 1, 1, 1, 1, 1, 1, 1, 1, 1, 1, 1, 1, 1, 1, 1, 1, 1, 1, 1, 1, 1, 1, 1, 1, 1, 1, 1, 1, 1, 1, 1, 1, 1, 1, 1]

----------------------------------------
Signal: Position Feedback
Data Points: 2000
Values: [-33.424996032714844, -33.42499145507813, -33.42498931884766, -33.42499298095703, -33.424994201660155, -33.4249984741211, -33.424998168945315, -33.42499908447266, -33.42499786376953, -33.42499755859375, -33.42500061035156, -33.424998168945315, -33.425381164550785, -33.42609802246094, -33.426614685058595, -33.42691314697266, -33.426947021484374, -33.42675384521485, -33.42646942138672, -33.4261898803711, -33.42596618652344, -33.42580200195312, -33.4257162475586, -33.42570404052734, -33.425736083984376, -33.42578796386719, -33.42581665039062, -33.425819396972656, -33.42580108642578, -33.42579284667969, -33.425797119140626, -33.425799255371096, -33.42579956054688, -33.425796813964844, -33.425791625976565, -33.42579956054688, -33.42579956054688, -33.42579620361328, -33.425796813964844, -33.425804443359375, -33.42580596923828, -33.42580139160156, -33.425799255371096, -33.425804443359375, -33.425802307128905, -33.42580749511719, -33.425811767578125, -33.42581481933594, -33.42580749511719, -33.42580383300781, -33.42580169677734, -33.4258056640625, -33.425804138183594, -33.42580200195312, -33.425804138183594, -33.42580474853516, -33.42580749511719, -33.42580871582031, -33.42581146240234, -33.42581237792969, -33.425808410644535, -33.4258056640625, -33.42580108642578, -33.42580596923828, -33.42580902099609, -33.425811767578125, -33.42581298828125, -33.42581451416016, -33.42581146240234, -33.42581024169922, -33.425806274414064, -33.42580749511719, -33.42581298828125, -33.42580932617187, -33.425802307128905, -33.425802612304686, -33.42580474853516, -33.42581024169922, -33.42581207275391, -33.4258203125, -33.425819396972656, -33.42581665039062, -33.425819091796875, -33.4258203125, -33.42581756591797, -33.42581085205078, -33.425813598632814, -33.425813598632814, -33.42581848144531, -33.425816955566404, -33.42582611083984, -33.425821228027345, -33.425823364257816, -33.42582275390625, -33.42582214355469, -33.425824279785154, -33.42582702636719, -33.42583312988281, -33.42583099365235, -33.42583312988281, -33.42583648681641, -33.42583129882813, -33.4258349609375, -33.425835876464845, -33.42584045410156, -33.4258383178711, -33.425837707519534, -33.42584014892578, -33.42583526611328, -33.42583526611328, -33.42583648681641, -33.4258349609375, -33.42582916259766, -33.42583312988281, -33.42583251953125, -33.42583312988281, -33.425830383300784, -33.425823364257816, -33.425824584960935, -33.4258236694336, -33.42583099365235, -33.425833740234374, -33.42583557128906, -33.42582977294922, -33.4258203125, -33.425824279785154, -33.42582489013672, -33.425824584960935, -33.4258251953125, -33.42582550048828, -33.42582794189453, -33.42583221435547, -33.425839233398435, -33.42583740234375, -33.42583740234375, -33.42583129882813, -33.42583984375, -33.42584381103516, -33.425845031738284, -33.4258447265625, -33.425848388671874, -33.42585327148438, -33.42585174560547, -33.42585754394531, -33.425867309570314, -33.425863342285155, -33.42586303710937, -33.425865173339844, -33.42586791992188, -33.42587249755859, -33.425874633789064, -33.42587219238281, -33.42587707519532, -33.42587646484375, -33.42588165283203, -33.42587982177734, -33.425878295898436, -33.4258740234375, -33.425874938964846, -33.42586791992188, -33.42587432861328, -33.42587036132812, -33.42587188720703, -33.42587005615234, -33.42587341308594, -33.42587341308594, -33.42587249755859, -33.42586578369141, -33.42586303710937, -33.425865173339844, -33.42586120605469, -33.42586242675781, -33.42586273193359, -33.42586700439453, -33.42586303710937, -33.42586456298828, -33.42586608886719, -33.42586273193359, -33.42585876464844, -33.42586242675781, -33.42586578369141, -33.42586791992188, -33.42587310791016, -33.425878295898436, -33.42587127685547, -33.42587249755859, -33.42587158203125, -33.42587249755859, -33.42587219238281, -33.425872802734375, -33.42587158203125, -33.42587860107422, -33.42587646484375, -33.42588500976562, -33.42588592529297, -33.425884094238285, -33.425888671875, -33.42588897705078, -33.425895080566406, -33.42588989257813, -33.425889282226564, -33.42589111328125, -33.4258935546875, -33.4258935546875, -33.42590087890625, -33.42590362548828, -33.42589965820313, -33.42589813232422, -33.42589813232422, -33.42589935302735, -33.42590545654297, -33.42590301513672, -33.42590362548828, -33.425906066894534, -33.42590393066406, -33.425906372070315, -33.425907897949216, -33.425904235839845, -33.42590362548828, -33.425907897949216, -33.42590545654297, -33.42590515136719, -33.425900573730466, -33.4258984375, -33.4258935546875, -33.425889282226564, -33.42588897705078, -33.42588592529297, -33.42588836669922, -33.42589080810547, -33.425894775390624, -33.42589324951172, -33.42589447021484, -33.42589385986328, -33.4258935546875, -33.4258920288086, -33.42588714599609, -33.425891723632816, -33.42589385986328, -33.42588897705078, -33.425889282226564, -33.425891418457034, -33.425892944335935, -33.42589660644531, -33.425898742675784, -33.425902099609374, -33.42590728759766, -33.425909423828124, -33.42591461181641, -33.42591247558594, -33.42590850830078, -33.42591430664063, -33.42591247558594, -33.42591796875, -33.42591491699219, -33.42591644287109, -33.42591552734375, -33.42591644287109, -33.42592071533203, -33.425926208496094, -33.42593505859375, -33.42593231201172, -33.425930480957035, -33.42592681884766, -33.42593231201172, -33.425926513671875, -33.42592376708984, -33.42592498779297, -33.425924377441405, -33.42592926025391, -33.42592742919922, -33.42592956542969, -33.42593353271484, -33.425937805175785, -33.42592529296875, -33.42592041015625, -33.425918884277344, -33.42591644287109, -33.42591522216797, -33.42591461181641, -33.42591552734375, -33.425917053222655, -33.425922851562504, -33.425917358398436, -33.4259130859375, -33.42591461181641, -33.42591979980469, -33.42591522216797, -33.42591278076172, -33.42591430664063, -33.42591400146485, -33.42591094970703, -33.42591583251953, -33.42592163085938, -33.42592224121094, -33.42591979980469, -33.42593292236328, -33.4259326171875, -33.42593658447266, -33.42593658447266, -33.42593078613281, -33.42592987060547, -33.425928649902346, -33.42592987060547, -33.425939025878904, -33.42594024658203, -33.425941467285156, -33.42593841552734, -33.4259457397461, -33.425952758789066, -33.425952758789066, -33.42595092773438, -33.425946655273435, -33.42594757080078, -33.425945434570316, -33.425941162109375, -33.42594360351563, -33.42594268798828, -33.425948486328124, -33.42594696044922, -33.42594909667969, -33.425950622558595, -33.42595153808594, -33.42595428466797, -33.42594696044922, -33.42594604492187, -33.425943298339845, -33.4259457397461, -33.425935668945314, -33.42593963623047, -33.42593627929688, -33.42593536376953, -33.42594085693359, -33.42593658447266, -33.42594055175781, -33.42594482421875, -33.42594207763672, -33.425945434570316, -33.42593688964844, -33.42593536376953, -33.4259326171875, -33.42593414306641, -33.42593475341797, -33.42593475341797, -33.42593811035157, -33.42593475341797, -33.42593536376953, -33.425942993164064, -33.42594390869141, -33.4259457397461, -33.42594268798828, -33.42593994140625, -33.42593811035157, -33.42594421386719, -33.42594604492187, -33.42594604492187, -33.425945129394535, -33.42594268798828, -33.42594421386719, -33.42594787597656, -33.42595550537109, -33.425955810546874, -33.42595123291016, -33.42595489501953, -33.42595764160156, -33.425967407226565, -33.425956115722656, -33.42595855712891, -33.42595550537109, -33.425957946777345, -33.425957946777345, -33.425963134765624, -33.42596923828125, -33.42596862792969, -33.42596435546875, -33.425967407226565, -33.42596801757813, -33.42596923828125, -33.42596588134766, -33.42596466064453, -33.425965270996095, -33.42596618652344, -33.42596252441406, -33.425959777832034, -33.42595458984375, -33.42595489501953, -33.425956115722656, -33.42595092773438, -33.4259536743164, -33.42595489501953, -33.425952758789066, -33.425946350097654, -33.42595306396485, -33.42594940185547, -33.42594604492187, -33.42594787597656, -33.42594757080078, -33.42595489501953, -33.425955810546874, -33.425959777832034, -33.42595855712891, -33.425952453613284, -33.42595306396485, -33.425950317382814, -33.42595458984375, -33.42596252441406, -33.42595916748047, -33.42595855712891, -33.425956115722656, -33.42596099853516, -33.4259603881836, -33.42596405029297, -33.42596282958984, -33.425967102050784, -33.425963134765624, -33.42596588134766, -33.42596954345703, -33.425970764160155, -33.42596405029297, -33.42596832275391, -33.425970458984374, -33.42597320556641, -33.42597198486328, -33.425972900390626, -33.42597900390625, -33.42596984863281, -33.42596954345703, -33.42597106933594, -33.42596832275391, -33.42596649169922, -33.42597320556641, -33.42597869873047, -33.4259765625, -33.42597625732422, -33.42597229003906, -33.425972595214844, -33.42597412109375, -33.42596954345703, -33.42596954345703, -33.425963134765624, -33.42596282958984, -33.4259603881836, -33.425963134765624, -33.425960083007816, -33.42596435546875, -33.4259619140625, -33.42596221923828, -33.42596984863281, -33.425968933105466, -33.42596374511719, -33.425961303710935, -33.42595489501953, -33.42596099853516, -33.4259619140625, -33.4259603881836, -33.425961608886716, -33.42596252441406, -33.42596252441406, -33.425958251953126, -33.42596069335938, -33.425965576171876, -33.42596221923828, -33.42596862792969, -33.42596954345703, -33.42597137451172, -33.42597137451172, -33.42597564697266, -33.42597015380859, -33.4259716796875, -33.42597412109375, -33.42597930908203, -33.42597961425781, -33.42597747802734, -33.42598052978516, -33.42597900390625, -33.42597930908203, -33.42597900390625, -33.42597442626953, -33.4259765625, -33.425980224609376, -33.425980224609376, -33.42597961425781, -33.42597930908203, -33.42597869873047, -33.42596832275391, -33.42597137451172, -33.425967407226565, -33.42597412109375, -33.425970458984374, -33.42596374511719, -33.42597106933594, -33.42596801757813, -33.425967407226565, -33.425967407226565, -33.42595947265625, -33.42596496582031, -33.425968933105466, -33.42596801757813, -33.4259716796875, -33.425972595214844, -33.425970764160155, -33.425965576171876, -33.42596588134766, -33.425968933105466, -33.425968933105466, -33.42596588134766, -33.425968933105466, -33.425968933105466, -33.425978088378905, -33.42597747802734, -33.42597381591797, -33.42597778320312, -33.4259814453125, -33.42597961425781, -33.425982360839846, -33.42597930908203, -33.4259814453125, -33.42598266601563, -33.425980224609376, -33.4259814453125, -33.42598846435547, -33.425985412597655, -33.425982055664065, -33.42598419189453, -33.42597869873047, -33.425979919433594, -33.425972595214844, -33.42597747802734, -33.425974731445315, -33.425978088378905, -33.4259765625, -33.42597534179688, -33.42597869873047, -33.42597900390625, -33.42597351074219, -33.42597595214844, -33.42597930908203, -33.4259814453125, -33.425982055664065, -33.425982055664065, -33.42597564697266, -33.42597442626953, -33.425979919433594, -33.425980224609376, -33.42597717285156, -33.42597900390625, -33.42597717285156, -33.42597900390625, -33.42598114013672, -33.42597869873047, -33.42597595214844, -33.425978393554686, -33.42598449707031, -33.425985412597655, -33.425983886718754, -33.42598175048828, -33.42598052978516, -33.42597625732422, -33.42597625732422, -33.4259765625, -33.42598266601563, -33.42597564697266, -33.42597534179688, -33.42597320556641, -33.42596801757813, -33.425972900390626, -33.42597564697266, -33.42597351074219, -33.425974731445315, -33.42597381591797, -33.42598083496094, -33.425982055664065, -33.42598663330078, -33.42597930908203, -33.42597015380859, -33.42597137451172, -33.425974731445315, -33.42597747802734, -33.425979919433594, -33.425989685058596, -33.425994873046875, -33.42599761962891, -33.42599212646484, -33.425987243652344, -33.42598876953125, -33.42598815917969, -33.42598876953125, -33.42599426269531, -33.42599975585937, -33.42599517822266, -33.42599365234375, -33.42599456787109, -33.42599609375, -33.425991516113285, -33.42598358154297, -33.42598663330078, -33.42598785400391, -33.42598876953125, -33.425989685058596, -33.42598663330078, -33.42598358154297, -33.42597625732422, -33.42597198486328, -33.42597595214844, -33.42597869873047, -33.425978088378905, -33.42597686767578, -33.42597381591797, -33.425978088378905, -33.42598114013672, -33.4259814453125, -33.42598083496094, -33.42597442626953, -33.42597930908203, -33.425978088378905, -33.425980224609376, -33.42598175048828, -33.42598052978516, -33.425980224609376, -33.425982055664065, -33.42598358154297, -33.42599639892578, -33.42599578857422, -33.42599365234375, -33.42599060058594, -33.42599334716797, -33.42599609375, -33.425987548828125, -33.425989685058596, -33.42599060058594, -33.425992736816404, -33.42599456787109, -33.42599609375, -33.42599609375, -33.42599456787109, -33.425989379882814, -33.426000366210936, -33.42599426269531, -33.425996704101564, -33.42599456787109, -33.42598510742187, -33.42598083496094, -33.42598663330078, -33.42598785400391, -33.42598907470703, -33.42598907470703, -33.425982055664065, -33.42598602294922, -33.42598419189453, -33.42598480224609, -33.42597564697266, -33.42597717285156, -33.42597717285156, -33.425985717773436, -33.42599517822266, -33.42599090576172, -33.42598815917969, -33.42598876953125, -33.42598663330078, -33.42598663330078, -33.42598602294922, -33.42598815917969, -33.425982360839846, -33.42598846435547, -33.42599365234375, -33.42598815917969, -33.42598785400391, -33.42598876953125, -33.42599090576172, -33.425987548828125, -33.42599548339844, -33.42600128173828, -33.425997009277346, -33.42599029541016, -33.425991516113285, -33.42599334716797, -33.42599395751953, -33.42599731445313, -33.425987548828125, -33.42598999023438, -33.42599212646484, -33.42599182128906, -33.42599365234375, -33.42599639892578, -33.42599945068359, -33.426002502441406, -33.42599975585937, -33.42599761962891, -33.425991210937504, -33.42598815917969, -33.425980224609376, -33.425985412597655, -33.425989685058596, -33.425987548828125, -33.42599090576172, -33.425989685058596, -33.42598846435547, -33.42599578857422, -33.42598876953125, -33.42598999023438, -33.425983886718754, -33.425982055664065, -33.42598510742187, -33.42598602294922, -33.42599243164062, -33.425989379882814, -33.42599456787109, -33.42599029541016, -33.42599609375, -33.42599456787109, -33.42598785400391, -33.42598999023438, -33.42599090576172, -33.425989379882814, -33.425989685058596, -33.425986328125, -33.42599182128906, -33.42599060058594, -33.42599090576172, -33.42598907470703, -33.42599334716797, -33.42599731445313, -33.425996704101564, -33.425998840332035, -33.426000061035154, -33.42599853515625, -33.425994873046875, -33.42599090576172, -33.42598663330078, -33.42598663330078, -33.425986328125, -33.42599212646484, -33.42599212646484, -33.42599090576172, -33.42599456787109, -33.42599822998047, -33.425989685058596, -33.42599609375, -33.42599182128906, -33.425998840332035, -33.42599975585937, -33.42599945068359, -33.42599548339844, -33.42599365234375, -33.42599090576172, -33.425991516113285, -33.42599212646484, -33.42599792480469, -33.425998840332035, -33.426000366210936, -33.42599548339844, -33.42599243164062, -33.42598785400391, -33.425987243652344, -33.42599182128906, -33.42598663330078, -33.42598052978516, -33.425979919433594, -33.425983886718754, -33.42599365234375, -33.42598693847656, -33.42598663330078, -33.42599029541016, -33.42598358154297, -33.425982360839846, -33.42598114013672, -33.4259814453125, -33.42598266601563, -33.425983886718754, -33.42598419189453, -33.42599060058594, -33.425985717773436, -33.42599365234375, -33.42599182128906, -33.42598907470703, -33.425989379882814, -33.42599548339844, -33.42599731445313, -33.425994873046875, -33.42599334716797, -33.42599761962891, -33.42600067138672, -33.42600280761719, -33.42599822998047, -33.426000061035154, -33.425997009277346, -33.426000366210936, -33.426006469726566, -33.426006164550785, -33.426011657714845, -33.42600708007812, -33.42600189208984, -33.426002197265625, -33.426000366210936, -33.426000061035154, -33.425996704101564, -33.42600280761719, -33.42600799560547, -33.42600677490235, -33.42599822998047, -33.42599548339844, -33.42599395751953, -33.42599365234375, -33.42599426269531, -33.42598907470703, -33.42599090576172, -33.42598693847656, -33.42598510742187, -33.425997009277346, -33.42599792480469, -33.42600067138672, -33.42599090576172, -33.42598480224609, -33.42598449707031, -33.425982360839846, -33.425991516113285, -33.42599945068359, -33.42599395751953, -33.425986328125, -33.425979919433594, -33.42598083496094, -33.425982055664065, -33.42598663330078, -33.42599822998047, -33.42599945068359, -33.42600341796875, -33.42598999023438, -33.42599243164062, -33.42598785400391, -33.42598480224609, -33.42598907470703, -33.425986328125, -33.425996704101564, -33.42599060058594, -33.425992736816404, -33.42599334716797, -33.42599914550782, -33.426002197265625, -33.42600524902344, -33.42599853515625, -33.42599639892578, -33.42599517822266, -33.42599731445313, -33.42599822998047, -33.42600830078125, -33.42600494384766, -33.426007385253904, -33.426007690429685, -33.426011657714845, -33.426004028320314, -33.426005859375, -33.426000366210936, -33.42599914550782, -33.425996704101564, -33.42599609375, -33.42600067138672, -33.42599731445313, -33.42599945068359, -33.42599792480469, -33.42599975585937, -33.42599945068359, -33.42598815917969, -33.42599243164062, -33.42599456787109, -33.425991210937504, -33.42599243164062, -33.425991516113285, -33.425991516113285, -33.42598785400391, -33.425989685058596, -33.425992736816404, -33.42599060058594, -33.42599731445313, -33.42599182128906, -33.42600189208984, -33.42599426269531, -33.42600311279297, -33.42599609375, -33.426000366210936, -33.42600280761719, -33.42599761962891, -33.426000061035154, -33.425996704101564, -33.425997009277346, -33.42599517822266, -33.42599639892578, -33.426002197265625, -33.42600372314453, -33.42600708007812, -33.42600463867188, -33.42599792480469, -33.42600280761719, -33.42599822998047, -33.42600067138672, -33.42599456787109, -33.42599212646484, -33.42599243164062, -33.42599395751953, -33.42599945068359, -33.425997009277346, -33.42599731445313, -33.425993041992186, -33.42598815917969, -33.425992736816404, -33.42599243164062, -33.425994873046875, -33.42599090576172, -33.42599334716797, -33.42599456787109, -33.425989379882814, -33.42599365234375, -33.42599090576172, -33.42599334716797, -33.42599945068359, -33.42599792480469, -33.425997009277346, -33.42598846435547, -33.42598999023438, -33.425989685058596, -33.425996704101564, -33.426006164550785, -33.42599975585937, -33.426002197265625, -33.42599548339844, -33.425996704101564, -33.42599792480469, -33.4260009765625, -33.42599945068359, -33.42599853515625, -33.42599243164062, -33.425989685058596, -33.425991516113285, -33.425993041992186, -33.42599365234375, -33.42598907470703, -33.425994873046875, -33.42599761962891, -33.425992736816404, -33.42599761962891, -33.425992736816404, -33.42599212646484, -33.425987243652344, -33.42598602294922, -33.42598815917969, -33.42598876953125, -33.42599090576172, -33.42599792480469, -33.42600280761719, -33.42599792480469, -33.4260009765625, -33.42600128173828, -33.42600128173828, -33.42600494384766, -33.42600341796875, -33.42600555419922, -33.426007385253904, -33.4260107421875, -33.42600524902344, -33.42600555419922, -33.42601623535156, -33.42601776123047, -33.426007385253904, -33.42600372314453, -33.42600524902344, -33.42600372314453, -33.42600555419922, -33.42600341796875, -33.42599334716797, -33.4260009765625, -33.426007385253904, -33.425998840332035, -33.42599395751953, -33.42599029541016, -33.42598449707031, -33.42598510742187, -33.42598907470703, -33.425991210937504, -33.42598999023438, -33.425987548828125, -33.42598693847656, -33.42598358154297, -33.42598358154297, -33.42597900390625, -33.425974731445315, -33.42597717285156, -33.425978393554686, -33.42598510742187, -33.42598907470703, -33.42599212646484, -33.425997009277346, -33.425997009277346, -33.42599639892578, -33.426004333496095, -33.42600067138672, -33.426000366210936, -33.425997009277346, -33.42600067138672, -33.42600555419922, -33.42600891113281, -33.426011352539064, -33.42601196289063, -33.426013793945316, -33.42601287841797, -33.426015014648435, -33.42601226806641, -33.42601745605469, -33.426016845703124, -33.426009826660156, -33.42600463867188, -33.426007385253904, -33.42600280761719, -33.42599975585937, -33.42600189208984, -33.426013488769534, -33.426006164550785, -33.42600189208984, -33.42600189208984, -33.42599945068359, -33.425993041992186, -33.425991210937504, -33.42598907470703, -33.42598815917969, -33.425989379882814, -33.425985717773436, -33.42598297119141, -33.42598876953125, -33.425985717773436, -33.42598114013672, -33.42598052978516, -33.425982360839846, -33.425979919433594, -33.42598083496094, -33.42598327636719, -33.42598175048828, -33.42598510742187, -33.42598693847656, -33.42598907470703, -33.42599426269531, -33.425993041992186, -33.42599182128906, -33.42598876953125, -33.42599853515625, -33.42599731445313, -33.42599914550782, -33.42599914550782, -33.42600189208984, -33.42600067138672, -33.42600128173828, -33.42600891113281, -33.42601226806641, -33.426009826660156, -33.426007385253904, -33.426004333496095, -33.42601318359375, -33.42600799560547, -33.426007690429685, -33.42600830078125, -33.426009826660156, -33.42601257324219, -33.42601043701172, -33.42600921630859, -33.426007690429685, -33.42600494384766, -33.426007690429685, -33.426011657714845, -33.42600830078125, -33.42600677490235, -33.42599975585937, -33.42599243164062, -33.42599822998047, -33.42599731445313, -33.42599517822266, -33.426000061035154, -33.42599639892578, -33.42598846435547, -33.42598846435547, -33.425992736816404, -33.42599212646484, -33.42599060058594, -33.42598876953125, -33.42599395751953, -33.42599182128906, -33.425994873046875, -33.425986328125, -33.42598907470703, -33.42598297119141, -33.42598663330078, -33.42598815917969, -33.42599090576172, -33.42598602294922, -33.42598907470703, -33.42599090576172, -33.42598876953125, -33.425993041992186, -33.425997009277346, -33.42599243164062, -33.425992736816404, -33.425993041992186, -33.42599212646484, -33.42599456787109, -33.42599609375, -33.42600158691406, -33.42600128173828, -33.42600372314453, -33.426004028320314, -33.42600799560547, -33.426007385253904, -33.42600372314453, -33.426002197265625, -33.42600341796875, -33.42600524902344, -33.42600372314453, -33.42600463867188, -33.426009521484374, -33.426011657714845, -33.42601745605469, -33.42601226806641, -33.42601043701172, -33.42601043701172, -33.426004028320314, -33.426004333496095, -33.42600341796875, -33.426004333496095, -33.42599945068359, -33.425997009277346, -33.42599334716797, -33.42599456787109, -33.42599426269531, -33.425991210937504, -33.42599426269531, -33.42599029541016, -33.42598846435547, -33.42598663330078, -33.42598480224609, -33.425980224609376, -33.425978393554686, -33.42598449707031, -33.425979919433594, -33.425982055664065, -33.42598297119141, -33.42597747802734, -33.425980224609376, -33.425979919433594, -33.42599090576172, -33.425989685058596, -33.425989685058596, -33.42599090576172, -33.42599578857422, -33.425998840332035, -33.42599609375, -33.42599517822266, -33.42599945068359, -33.426002502441406, -33.426009521484374, -33.426009826660156, -33.42601531982422, -33.42601654052734, -33.42601470947265, -33.426017150878906, -33.42602478027344, -33.426026306152345, -33.42601989746094, -33.42601806640625, -33.42601440429688, -33.426015625, -33.426011352539064, -33.42601257324219, -33.426009826660156, -33.42600921630859, -33.42601104736328, -33.426004333496095, -33.426004028320314, -33.42599761962891, -33.42599792480469, -33.425993041992186, -33.42599365234375, -33.42599334716797, -33.425994873046875, -33.42598907470703, -33.42598663330078, -33.42598602294922, -33.42598785400391, -33.42599090576172, -33.42598693847656, -33.425986328125, -33.42598846435547, -33.425983886718754, -33.425986328125, -33.42598602294922, -33.425983886718754, -33.42597778320312, -33.4259814453125, -33.42598999023438, -33.42599365234375, -33.425989685058596, -33.425994873046875, -33.42599945068359, -33.426002197265625, -33.42600311279297, -33.42600158691406, -33.426002502441406, -33.425991210937504, -33.42599395751953, -33.42600372314453, -33.426009521484374, -33.426009521484374, -33.42600921630859, -33.42600494384766, -33.426005859375, -33.426009521484374, -33.42601196289063, -33.42601623535156, -33.42601287841797, -33.4260107421875, -33.426011352539064, -33.42601531982422, -33.426013793945316, -33.426009826660156, -33.42600799560547, -33.42601013183594, -33.42600860595703, -33.42601318359375, -33.42600555419922, -33.42600189208984, -33.42599945068359, -33.42600189208984, -33.42599792480469, -33.425991516113285, -33.42599060058594, -33.42598419189453, -33.42598358154297, -33.425986328125, -33.42599365234375, -33.42599334716797, -33.42598693847656, -33.42598907470703, -33.425993041992186, -33.42598602294922, -33.42598175048828, -33.4259814453125, -33.42598327636719, -33.425985717773436, -33.42598846435547, -33.42598846435547, -33.425993041992186, -33.42599090576172, -33.425991516113285, -33.42600067138672, -33.42600463867188, -33.42599548339844, -33.425997009277346, -33.42599334716797, -33.42599456787109, -33.426000061035154, -33.426007385253904, -33.42600463867188, -33.42600128173828, -33.42600280761719, -33.426002197265625, -33.42600708007812, -33.42600830078125, -33.42600128173828, -33.42600128173828, -33.426006469726566, -33.42600708007812, -33.426006164550785, -33.42600921630859, -33.42601257324219, -33.426015625, -33.42600921630859, -33.4260140991211, -33.426004028320314, -33.42600341796875, -33.425997009277346, -33.42599761962891, -33.42600189208984, -33.42599792480469, -33.42599822998047, -33.42600158691406, -33.42600128173828, -33.42600677490235, -33.426004028320314, -33.42600494384766, -33.42599945068359, -33.42599243164062, -33.42598876953125, -33.42599182128906, -33.42599578857422, -33.42599609375, -33.42599609375, -33.425989685058596, -33.425985412597655, -33.425985412597655, -33.425986328125, -33.425985717773436, -33.42599243164062, -33.42599426269531, -33.42599792480469, -33.425985717773436, -33.42598480224609, -33.42598175048828, -33.42598175048828, -33.42597442626953, -33.42597717285156, -33.42597442626953, -33.425963439941405, -33.42595855712891, -33.4259619140625, -33.42597534179688, -33.42599365234375, -33.42600158691406, -33.426004028320314, -33.426000366210936, -33.42599426269531, -33.425989379882814, -33.42599731445313, -33.42600830078125, -33.42601593017578, -33.42601776123047, -33.42602203369141, -33.42601867675781, -33.426021118164066, -33.42601837158203, -33.42602386474609, -33.42602294921875, -33.42603118896484, -33.426028137207034, -33.42602966308594, -33.42602386474609, -33.42602325439453, -33.4260287475586, -33.426020812988284, -33.426020812988284, -33.42601837158203, -33.426011352539064, -33.42600891113281, -33.42601257324219, -33.426011657714845, -33.42601287841797, -33.426006469726566, -33.42600311279297, -33.42599761962891, -33.425985717773436, -33.425986328125, -33.425987243652344, -33.42598693847656, -33.42598297119141, -33.42598602294922, -33.42599182128906, -33.425991210937504, -33.42598419189453, -33.42598266601563, -33.42597442626953, -33.425978393554686, -33.42598358154297, -33.42598876953125, -33.425989685058596, -33.42598297119141, -33.42598175048828, -33.42598480224609, -33.42598297119141, -33.42598327636719, -33.42598693847656, -33.425986328125, -33.42598785400391, -33.425987548828125, -33.42598419189453, -33.425987243652344, -33.425992736816404, -33.42599426269531, -33.42599792480469, -33.42600067138672, -33.426000366210936, -33.42600067138672, -33.426002197265625, -33.42600921630859, -33.426009521484374, -33.42600677490235, -33.42601104736328, -33.426013793945316, -33.42601654052734, -33.42601623535156, -33.42601470947265, -33.4260107421875, -33.426009521484374, -33.426013793945316, -33.4260140991211, -33.42601593017578, -33.42602142333985, -33.426013488769534, -33.426006469726566, -33.42599975585937, -33.42600189208984, -33.42600067138672, -33.42599761962891, -33.425996704101564, -33.42599853515625, -33.426005859375, -33.42599731445313, -33.42599761962891, -33.42599517822266, -33.425987243652344, -33.425992736816404, -33.42598419189453, -33.425985717773436, -33.42598175048828, -33.42597900390625, -33.42598266601563, -33.42598510742187, -33.425993041992186, -33.42598907470703, -33.42598815917969, -33.425987243652344, -33.42598419189453, -33.42598175048828, -33.425987548828125, -33.42598510742187, -33.42598693847656, -33.42598693847656, -33.425994873046875, -33.42600067138672, -33.426004028320314, -33.42600280761719, -33.42599945068359, -33.425989379882814, -33.425994873046875, -33.42599517822266, -33.425998840332035, -33.42600463867188, -33.42601013183594, -33.42600921630859, -33.426011657714845, -33.42601287841797, -33.426015014648435, -33.42601318359375, -33.426009826660156, -33.42600921630859, -33.426006164550785, -33.42600860595703, -33.426011657714845, -33.42601104736328, -33.42601257324219, -33.426009521484374, -33.426005859375, -33.42600189208984, -33.426002502441406, -33.42600067138672, -33.42599578857422, -33.42599548339844, -33.42599212646484, -33.425986328125, -33.425978393554686, -33.42598266601563, -33.425987548828125, -33.425986328125, -33.425989379882814, -33.425985717773436, -33.42598052978516, -33.42598266601563, -33.425982360839846, -33.42598358154297, -33.4259814453125, -33.42597930908203, -33.42598052978516, -33.425982360839846, -33.42597869873047, -33.425979919433594, -33.425982055664065, -33.42597686767578, -33.425987243652344, -33.42598876953125, -33.42599182128906, -33.425996704101564, -33.42599243164062, -33.425991516113285, -33.42599731445313, -33.42599822998047, -33.42600341796875, -33.42600341796875, -33.42600830078125, -33.42601226806641, -33.42601104736328, -33.42601593017578, -33.42601104736328, -33.42600708007812, -33.42601226806641, -33.426009826660156, -33.426011657714845, -33.426013488769534, -33.426013488769534, -33.42601257324219, -33.426009826660156, -33.42601318359375, -33.42601531982422, -33.42601440429688, -33.42600860595703, -33.42600891113281, -33.426011657714845, -33.42601440429688, -33.42600799560547, -33.42599945068359, -33.42600067138672, -33.425994873046875, -33.42599639892578, -33.425989379882814, -33.425987548828125, -33.42598052978516, -33.42598052978516, -33.42598480224609, -33.42597534179688, -33.42597106933594, -33.425967102050784, -33.42596466064453, -33.42597137451172, -33.42596954345703, -33.425970764160155, -33.42597106933594, -33.425968933105466, -33.42596923828125, -33.42596435546875, -33.425968933105466, -33.42597412109375, -33.42598266601563, -33.425982360839846, -33.425982360839846, -33.425985717773436, -33.425987548828125, -33.42598876953125, -33.425987243652344, -33.425992736816404, -33.42599761962891, -33.42600280761719, -33.42600708007812, -33.42600830078125, -33.42600128173828, -33.426009826660156, -33.42600677490235, -33.426017150878906, -33.42601531982422, -33.426019287109376, -33.42601318359375, -33.426013488769534, -33.4260140991211, -33.426016845703124, -33.42601440429688, -33.42601593017578, -33.426018981933595, -33.42601470947265, -33.42600708007812, -33.42600128173828, -33.42599822998047, -33.425997009277346, -33.42599914550782, -33.42600372314453, -33.42600494384766, -33.42600555419922, -33.4260009765625, -33.42599639892578, -33.42599243164062, -33.42598815917969, -33.425989379882814, -33.425983886718754, -33.42598266601563, -33.42598785400391, -33.42598449707031, -33.42598419189453, -33.42597442626953, -33.4259765625, -33.42598052978516, -33.42598175048828, -33.42597900390625, -33.42597351074219, -33.42597961425781, -33.42596923828125, -33.42597412109375, -33.42597778320312, -33.425980224609376, -33.42597625732422, -33.42598083496094, -33.42599060058594, -33.425994873046875, -33.42599761962891, -33.42599456787109, -33.42599182128906, -33.425993041992186, -33.425991210937504, -33.42599853515625, -33.42599853515625, -33.42600158691406, -33.42600372314453, -33.42600189208984, -33.426009521484374, -33.426009521484374, -33.42600830078125, -33.42600830078125, -33.42600494384766, -33.426005859375, -33.4260107421875, -33.42600830078125, -33.42601104736328, -33.426009826660156, -33.42601440429688, -33.42600677490235, -33.42601287841797, -33.42600921630859, -33.42600830078125, -33.42600494384766, -33.42599975585937, -33.42599853515625, -33.42599853515625, -33.42599761962891, -33.425993041992186, -33.425989685058596, -33.425983886718754, -33.425982360839846, -33.42598815917969, -33.425985412597655, -33.425985717773436, -33.4259814453125, -33.42598327636719, -33.42597778320312, -33.42597747802734, -33.425978088378905, -33.42597717285156, -33.42597595214844, -33.4259765625, -33.4259765625, -33.42597564697266, -33.425978393554686, -33.42597930908203, -33.42598266601563, -33.425991210937504, -33.425991210937504, -33.425991516113285, -33.42599090576172, -33.42599029541016, -33.425991516113285, -33.42599731445313, -33.42599731445313, -33.425997009277346, -33.425991516113285, -33.42600067138672, -33.42601196289063, -33.426013793945316, -33.426013488769534, -33.426011657714845, -33.42601226806641, -33.42601226806641, -33.42601104736328, -33.426009826660156, -33.42600830078125, -33.426004333496095, -33.42600463867188, -33.42601013183594, -33.42600372314453, -33.426004333496095, -33.42600555419922, -33.426002502441406, -33.42599945068359, -33.42599456787109, -33.425994873046875, -33.42599029541016, -33.425985412597655, -33.42598693847656, -33.42598693847656, -33.425979919433594, -33.42597869873047, -33.42597930908203, -33.42597442626953, -33.42597534179688, -33.42597625732422, -33.42598083496094, -33.425979919433594, -33.42597564697266, -33.42597351074219, -33.42596618652344, -33.42596649169922, -33.42596801757813, -33.42596649169922, -33.42597442626953, -33.4259814453125, -33.425986328125, -33.425987243652344, -33.42599090576172, -33.42598815917969, -33.42598663330078, -33.42599060058594, -33.42599548339844, -33.42598999023438, -33.425993041992186, -33.42599243164062, -33.425997009277346, -33.4260009765625, -33.42600799560547, -33.42600891113281, -33.426005859375, -33.426009521484374, -33.42601013183594, -33.426011657714845, -33.426011352539064, -33.42600280761719, -33.426000366210936, -33.42600128173828, -33.42600891113281, -33.42601196289063, -33.426015014648435, -33.42600860595703, -33.42600067138672, -33.425996704101564, -33.42599853515625, -33.42599792480469, -33.425991210937504, -33.42599426269531, -33.42599639892578, -33.426002197265625, -33.42599426269531, -33.42598815917969, -33.425989379882814, -33.42598052978516, -33.42598297119141, -33.42597930908203, -33.42598663330078, -33.42598419189453, -33.425979919433594, -33.42597625732422, -33.425980224609376, -33.42598114013672, -33.425982055664065, -33.42598266601563, -33.42598358154297, -33.42598480224609, -33.42598602294922, -33.42598510742187, -33.425987243652344, -33.42598846435547, -33.42598175048828, -33.425982055664065, -33.42598999023438, -33.425991516113285, -33.42599395751953, -33.42598999023438, -33.42599243164062, -33.42599395751953, -33.425992736816404, -33.42599853515625, -33.42599853515625, -33.42599731445313, -33.42600372314453, -33.426002502441406, -33.426002502441406, -33.42600463867188, -33.4260009765625, -33.425998840332035, -33.42599609375, -33.426000366210936, -33.42600067138672, -33.426002197265625, -33.42600372314453, -33.426000366210936, -33.42599548339844, -33.425991210937504, -33.42598907470703, -33.42598846435547, -33.42599395751953, -33.425996704101564, -33.42599395751953, -33.42599548339844, -33.42599456787109, -33.42598999023438, -33.42599517822266, -33.425993041992186, -33.42599639892578, -33.425989379882814, -33.425987548828125, -33.42598663330078, -33.42597869873047, -33.42598114013672, -33.42597778320312, -33.425979919433594, -33.42598358154297, -33.425985717773436, -33.425986328125, -33.425985717773436, -33.42598297119141, -33.42598907470703, -33.42599090576172, -33.42598785400391, -33.425991516113285, -33.42598815917969, -33.42597747802734, -33.42597961425781, -33.425989379882814, -33.42599029541016, -33.42599334716797, -33.42599517822266, -33.42599212646484, -33.42600189208984, -33.426004028320314, -33.42600555419922, -33.426004333496095, -33.42599182128906, -33.42599243164062, -33.42599212646484, -33.425994873046875, -33.42599945068359, -33.42600372314453, -33.426000366210936, -33.425998840332035, -33.426000366210936, -33.42600494384766, -33.426004028320314, -33.425998840332035, -33.42599761962891, -33.425993041992186, -33.425997009277346, -33.42599456787109, -33.42599395751953, -33.42598876953125, -33.425989685058596, -33.42598815917969, -33.42599609375, -33.42598846435547, -33.42598785400391, -33.425982055664065, -33.425980224609376, -33.42598663330078, -33.42598449707031, -33.425979919433594, -33.425978393554686, -33.42597930908203, -33.425983886718754, -33.425986328125, -33.42599426269531, -33.42599029541016, -33.42598907470703, -33.4259814453125, -33.425983886718754, -33.425983886718754, -33.425985717773436, -33.42598510742187, -33.425991516113285, -33.42599029541016, -33.42599243164062, -33.425993041992186, -33.425989685058596, -33.42599212646484, -33.425993041992186, -33.42599243164062, -33.42599822998047, -33.426002197265625, -33.42599731445313, -33.42599792480469, -33.42599822998047, -33.425997009277346, -33.42600158691406, -33.426006164550785, -33.42600158691406, -33.425997009277346, -33.425996704101564, -33.425998840332035, -33.42599639892578, -33.42599731445313, -33.42599517822266, -33.42599731445313, -33.42599975585937, -33.42599395751953, -33.42599609375, -33.425993041992186, -33.425991210937504, -33.425997009277346, -33.42599426269531, -33.42599609375, -33.42598999023438, -33.42599029541016, -33.425985717773436, -33.42598693847656, -33.42598114013672, -33.42597717285156, -33.42598327636719, -33.42598419189453, -33.425986328125, -33.42598358154297, -33.42598327636719, -33.42597686767578, -33.42597564697266, -33.42597747802734, -33.42597869873047, -33.42598510742187, -33.42598602294922, -33.42598602294922, -33.42598419189453, -33.42597778320312, -33.42598083496094, -33.425982360839846, -33.42598175048828, -33.42598449707031, -33.425989379882814, -33.42599243164062, -33.425996704101564, -33.42599426269531, -33.42599090576172, -33.42598907470703, -33.42599334716797, -33.425997009277346, -33.42599853515625, -33.42599914550782, -33.426002502441406, -33.426002502441406, -33.42600341796875, -33.426007690429685, -33.42601013183594, -33.426004028320314, -33.426002197265625, -33.426006469726566, -33.426002502441406, -33.42599914550782, -33.42599945068359, -33.42600280761719, -33.426002197265625, -33.42599395751953, -33.42599243164062, -33.42600189208984, -33.425998840332035, -33.425994873046875, -33.42599090576172, -33.42598480224609, -33.42597625732422, -33.42597869873047, -33.425979919433594, -33.42597900390625, -33.42597778320312, -33.42597930908203, -33.42598297119141, -33.42597747802734, -33.42597534179688, -33.42597351074219, -33.4259750366211, -33.4259814453125, -33.425978088378905, -33.42598083496094, -33.42597106933594, -33.4259750366211, -33.42597412109375, -33.42598297119141, -33.425987243652344, -33.425983886718754, -33.42599029541016, -33.42598693847656, -33.42599578857422, -33.42599426269531, -33.42599914550782, -33.42598907470703, -33.42599975585937, -33.42599426269531, -33.42599517822266, -33.426000061035154, -33.426005859375, -33.42600158691406, -33.426005859375, -33.426000061035154, -33.425997009277346, -33.426004028320314, -33.42600067138672, -33.42600372314453, -33.426006164550785, -33.42600830078125, -33.42600158691406, -33.42600311279297, -33.42600280761719, -33.42600189208984, -33.42600158691406, -33.42599639892578, -33.425989685058596, -33.425987243652344, -33.42598907470703, -33.42599212646484, -33.425991516113285, -33.42599182128906, -33.42598266601563, -33.42598480224609, -33.42598846435547, -33.42598907470703, -33.425989685058596, -33.42597747802734, -33.425974731445315, -33.42596618652344, -33.425972900390626, -33.42597717285156, -33.4259814453125, -33.42597412109375, -33.425978088378905, -33.425982055664065, -33.42598846435547, -33.42599395751953, -33.42598693847656, -33.42598327636719, -33.42598266601563, -33.42598266601563, -33.42598052978516, -33.425982055664065]

----------------------------------------
